

----------------------------------------------------
STRUCTURE by Pritchard, Stephens and Donnelly (2000)
     and Falush, Stephens and Pritchard (2003)
       Code by Pritchard, Falush and Hubisz
             Version 2.3.4 (Jul 2012)
----------------------------------------------------



Command line arguments:   ./structure -i /home/ch1158/Ergebnisse_STRUCTURE/Gruppe_Testen/CEU_IBS_TS_Enhanced_corr -o /home/ch1158/Ergebnisse_STRUCTURE/Gruppe_Testen/CEU_IBS_TSI_enhanced_corr 
Input File:    /home/ch1158/Ergebnisse_STRUCTURE/Gruppe_Testen/CEU_IBS_TS_Enhanced_corr

Run parameters:
   313 individuals
   100 loci
   2 populations assumed
   10000 Burn-in period
   20000 Reps


--------------------------------------------
Proportion of membership of each pre-defined
 population in each of the 2 clusters

Given    Inferred Clusters       Number of
 Pop       1      2             Individuals

  0:     0.499  0.501             313
--------------------------------------------

Allele-freq. divergence among pops (Net nucleotide distance),
computed using point estimates of P.

      1       2      
 1      -    0.0117  
 2   0.0117     -    

Average distances (expected heterozygosity) between individuals in same cluster:
cluster  1  : 0.3322 
cluster  2  : 0.2925 

--------------------------------------------
Estimated Ln Prob of Data   = -31554.3
Mean value of ln likelihood = -31328.4
Variance of ln likelihood   = 451.9
Mean value of alpha         = 2.1907

Mean value of Fst_1         = 0.0009
Mean value of Fst_2         = 0.1118


Inferred ancestry of individuals:
        Label (%Miss) Pop:  Inferred clusters
  1        1    (0)    0 :  0.404 0.596 
  2        2    (0)    0 :  0.315 0.685 
  3        3    (0)    0 :  0.333 0.667 
  4        4    (0)    0 :  0.360 0.640 
  5        5    (0)    0 :  0.350 0.650 
  6        6    (0)    0 :  0.549 0.451 
  7        7    (0)    0 :  0.584 0.416 
  8        8    (0)    0 :  0.606 0.394 
  9        9    (0)    0 :  0.337 0.663 
 10       10    (0)    0 :  0.461 0.539 
 11       11    (0)    0 :  0.265 0.735 
 12       12    (0)    0 :  0.423 0.577 
 13       13    (0)    0 :  0.456 0.544 
 14       14    (0)    0 :  0.182 0.818 
 15       15    (0)    0 :  0.348 0.652 
 16       16    (0)    0 :  0.233 0.767 
 17       17    (0)    0 :  0.402 0.598 
 18       18    (0)    0 :  0.379 0.621 
 19       19    (0)    0 :  0.550 0.450 
 20       20    (0)    0 :  0.371 0.629 
 21       21    (0)    0 :  0.297 0.703 
 22       22    (0)    0 :  0.313 0.687 
 23       23    (0)    0 :  0.393 0.607 
 24       24    (0)    0 :  0.311 0.689 
 25       25    (0)    0 :  0.320 0.680 
 26       26    (0)    0 :  0.418 0.582 
 27       27    (0)    0 :  0.183 0.817 
 28       28    (0)    0 :  0.240 0.760 
 29       29    (0)    0 :  0.257 0.743 
 30       30    (0)    0 :  0.451 0.549 
 31       31    (0)    0 :  0.318 0.682 
 32       32    (0)    0 :  0.388 0.612 
 33       33    (0)    0 :  0.455 0.545 
 34       34    (0)    0 :  0.336 0.664 
 35       35    (0)    0 :  0.326 0.674 
 36       36    (0)    0 :  0.306 0.694 
 37       37    (0)    0 :  0.187 0.813 
 38       38    (0)    0 :  0.385 0.615 
 39       39    (0)    0 :  0.221 0.779 
 40       40    (0)    0 :  0.403 0.597 
 41       41    (0)    0 :  0.561 0.439 
 42       42    (0)    0 :  0.267 0.733 
 43       43    (0)    0 :  0.270 0.730 
 44       44    (0)    0 :  0.388 0.612 
 45       45    (0)    0 :  0.279 0.721 
 46       46    (0)    0 :  0.407 0.593 
 47       47    (0)    0 :  0.362 0.638 
 48       48    (0)    0 :  0.335 0.665 
 49       49    (0)    0 :  0.233 0.767 
 50       50    (0)    0 :  0.239 0.761 
 51       51    (0)    0 :  0.566 0.434 
 52       52    (0)    0 :  0.298 0.702 
 53       53    (0)    0 :  0.419 0.581 
 54       54    (0)    0 :  0.381 0.619 
 55       55    (0)    0 :  0.483 0.517 
 56       56    (0)    0 :  0.306 0.694 
 57       57    (0)    0 :  0.522 0.478 
 58       58    (0)    0 :  0.270 0.730 
 59       59    (0)    0 :  0.247 0.753 
 60       60    (0)    0 :  0.252 0.748 
 61       61    (0)    0 :  0.332 0.668 
 62       62    (0)    0 :  0.449 0.551 
 63       63    (0)    0 :  0.408 0.592 
 64       64    (0)    0 :  0.524 0.476 
 65       65    (0)    0 :  0.273 0.727 
 66       66    (0)    0 :  0.294 0.706 
 67       67    (0)    0 :  0.366 0.634 
 68       68    (0)    0 :  0.363 0.637 
 69       69    (0)    0 :  0.343 0.657 
 70       70    (0)    0 :  0.330 0.670 
 71       71    (0)    0 :  0.431 0.569 
 72       72    (0)    0 :  0.350 0.650 
 73       73    (0)    0 :  0.281 0.719 
 74       74    (0)    0 :  0.420 0.580 
 75       75    (0)    0 :  0.360 0.640 
 76       76    (0)    0 :  0.415 0.585 
 77       77    (0)    0 :  0.425 0.575 
 78       78    (0)    0 :  0.482 0.518 
 79       79    (0)    0 :  0.439 0.561 
 80       80    (0)    0 :  0.350 0.650 
 81       81    (0)    0 :  0.369 0.631 
 82       82    (0)    0 :  0.425 0.575 
 83       83    (0)    0 :  0.264 0.736 
 84       84    (0)    0 :  0.309 0.691 
 85       85    (0)    0 :  0.327 0.673 
 86       86    (0)    0 :  0.285 0.715 
 87       87    (0)    0 :  0.317 0.683 
 88       88    (0)    0 :  0.288 0.712 
 89       89    (0)    0 :  0.276 0.724 
 90       90    (0)    0 :  0.413 0.587 
 91       91    (0)    0 :  0.343 0.657 
 92       92    (0)    0 :  0.310 0.690 
 93       93    (0)    0 :  0.308 0.692 
 94       94    (0)    0 :  0.557 0.443 
 95       95    (0)    0 :  0.437 0.563 
 96       96    (0)    0 :  0.281 0.719 
 97       97    (0)    0 :  0.245 0.755 
 98       98    (0)    0 :  0.431 0.569 
 99       99    (0)    0 :  0.390 0.610 
100      100    (0)    0 :  0.696 0.304 
101      101    (0)    0 :  0.629 0.371 
102      102    (0)    0 :  0.448 0.552 
103      103    (0)    0 :  0.562 0.438 
104      104    (0)    0 :  0.573 0.427 
105      105    (0)    0 :  0.612 0.388 
106      106    (0)    0 :  0.576 0.424 
107      107    (0)    0 :  0.572 0.428 
108      108    (0)    0 :  0.575 0.425 
109      109    (0)    0 :  0.403 0.597 
110      110    (0)    0 :  0.546 0.454 
111      111    (0)    0 :  0.354 0.646 
112      112    (0)    0 :  0.377 0.623 
113      113    (0)    0 :  0.524 0.476 
114      114    (0)    0 :  0.627 0.373 
115      115    (0)    0 :  0.298 0.702 
116      116    (0)    0 :  0.732 0.268 
117      117    (0)    0 :  0.606 0.394 
118      118    (0)    0 :  0.668 0.332 
119      119    (0)    0 :  0.716 0.284 
120      120    (0)    0 :  0.539 0.461 
121      121    (0)    0 :  0.422 0.578 
122      122    (0)    0 :  0.499 0.501 
123      123    (0)    0 :  0.507 0.493 
124      124    (0)    0 :  0.537 0.463 
125      125    (0)    0 :  0.628 0.372 
126      126    (0)    0 :  0.559 0.441 
127      127    (0)    0 :  0.602 0.398 
128      128    (0)    0 :  0.510 0.490 
129      129    (0)    0 :  0.670 0.330 
130      130    (0)    0 :  0.711 0.289 
131      131    (0)    0 :  0.674 0.326 
132      132    (0)    0 :  0.606 0.394 
133      133    (0)    0 :  0.599 0.401 
134      134    (0)    0 :  0.639 0.361 
135      135    (0)    0 :  0.456 0.544 
136      136    (0)    0 :  0.556 0.444 
137      137    (0)    0 :  0.619 0.381 
138      138    (0)    0 :  0.647 0.353 
139      139    (0)    0 :  0.722 0.278 
140      140    (0)    0 :  0.478 0.522 
141      141    (0)    0 :  0.667 0.333 
142      142    (0)    0 :  0.788 0.212 
143      143    (0)    0 :  0.533 0.467 
144      144    (0)    0 :  0.452 0.548 
145      145    (0)    0 :  0.604 0.396 
146      146    (0)    0 :  0.596 0.404 
147      147    (0)    0 :  0.429 0.571 
148      148    (0)    0 :  0.509 0.491 
149      149    (0)    0 :  0.633 0.367 
150      150    (0)    0 :  0.422 0.578 
151      151    (0)    0 :  0.466 0.534 
152      152    (0)    0 :  0.581 0.419 
153      153    (0)    0 :  0.635 0.365 
154      154    (0)    0 :  0.460 0.540 
155      155    (0)    0 :  0.598 0.402 
156      156    (0)    0 :  0.693 0.307 
157      157    (0)    0 :  0.431 0.569 
158      158    (0)    0 :  0.482 0.518 
159      159    (0)    0 :  0.425 0.575 
160      160    (0)    0 :  0.687 0.313 
161      161    (0)    0 :  0.741 0.259 
162      162    (0)    0 :  0.414 0.586 
163      163    (0)    0 :  0.783 0.217 
164      164    (0)    0 :  0.480 0.520 
165      165    (0)    0 :  0.491 0.509 
166      166    (0)    0 :  0.515 0.485 
167      167    (0)    0 :  0.770 0.230 
168      168    (0)    0 :  0.359 0.641 
169      169    (0)    0 :  0.517 0.483 
170      170    (0)    0 :  0.742 0.258 
171      171    (0)    0 :  0.524 0.476 
172      172    (0)    0 :  0.527 0.473 
173      173    (0)    0 :  0.351 0.649 
174      174    (0)    0 :  0.666 0.334 
175      175    (0)    0 :  0.727 0.273 
176      176    (0)    0 :  0.345 0.655 
177      177    (0)    0 :  0.702 0.298 
178      178    (0)    0 :  0.672 0.328 
179      179    (0)    0 :  0.274 0.726 
180      180    (0)    0 :  0.475 0.525 
181      181    (0)    0 :  0.446 0.554 
182      182    (0)    0 :  0.483 0.517 
183      183    (0)    0 :  0.532 0.468 
184      184    (0)    0 :  0.440 0.560 
185      185    (0)    0 :  0.363 0.637 
186      186    (0)    0 :  0.614 0.386 
187      187    (0)    0 :  0.431 0.569 
188      188    (0)    0 :  0.616 0.384 
189      189    (0)    0 :  0.423 0.577 
190      190    (0)    0 :  0.629 0.371 
191      191    (0)    0 :  0.555 0.445 
192      192    (0)    0 :  0.737 0.263 
193      193    (0)    0 :  0.739 0.261 
194      194    (0)    0 :  0.752 0.248 
195      195    (0)    0 :  0.558 0.442 
196      196    (0)    0 :  0.661 0.339 
197      197    (0)    0 :  0.528 0.472 
198      198    (0)    0 :  0.556 0.444 
199      199    (0)    0 :  0.659 0.341 
200      200    (0)    0 :  0.378 0.622 
201      201    (0)    0 :  0.510 0.490 
202      202    (0)    0 :  0.682 0.318 
203      203    (0)    0 :  0.433 0.567 
204      204    (0)    0 :  0.493 0.507 
205      205    (0)    0 :  0.478 0.522 
206      206    (0)    0 :  0.528 0.472 
207      207    (0)    0 :  0.534 0.466 
208      208    (0)    0 :  0.570 0.430 
209      209    (0)    0 :  0.774 0.226 
210      210    (0)    0 :  0.422 0.578 
211      211    (0)    0 :  0.557 0.443 
212      212    (0)    0 :  0.489 0.511 
213      213    (0)    0 :  0.460 0.540 
214      214    (0)    0 :  0.681 0.319 
215      215    (0)    0 :  0.469 0.531 
216      216    (0)    0 :  0.693 0.307 
217      217    (0)    0 :  0.478 0.522 
218      218    (0)    0 :  0.381 0.619 
219      219    (0)    0 :  0.591 0.409 
220      220    (0)    0 :  0.685 0.315 
221      221    (0)    0 :  0.460 0.540 
222      222    (0)    0 :  0.657 0.343 
223      223    (0)    0 :  0.561 0.439 
224      224    (0)    0 :  0.505 0.495 
225      225    (0)    0 :  0.620 0.380 
226      226    (0)    0 :  0.478 0.522 
227      227    (0)    0 :  0.502 0.498 
228      228    (0)    0 :  0.615 0.385 
229      229    (0)    0 :  0.666 0.334 
230      230    (0)    0 :  0.393 0.607 
231      231    (0)    0 :  0.603 0.397 
232      232    (0)    0 :  0.690 0.310 
233      233    (0)    0 :  0.668 0.332 
234      234    (0)    0 :  0.513 0.487 
235      235    (0)    0 :  0.470 0.530 
236      236    (0)    0 :  0.448 0.552 
237      237    (0)    0 :  0.574 0.426 
238      238    (0)    0 :  0.561 0.439 
239      239    (0)    0 :  0.668 0.332 
240      240    (0)    0 :  0.514 0.486 
241      241    (0)    0 :  0.619 0.381 
242      242    (0)    0 :  0.401 0.599 
243      243    (0)    0 :  0.473 0.527 
244      244    (0)    0 :  0.742 0.258 
245      245    (0)    0 :  0.622 0.378 
246      246    (0)    0 :  0.599 0.401 
247      247    (0)    0 :  0.601 0.399 
248      248    (0)    0 :  0.472 0.528 
249      249    (0)    0 :  0.674 0.326 
250      250    (0)    0 :  0.411 0.589 
251      251    (0)    0 :  0.726 0.274 
252      252    (0)    0 :  0.564 0.436 
253      253    (0)    0 :  0.421 0.579 
254      254    (0)    0 :  0.541 0.459 
255      255    (0)    0 :  0.646 0.354 
256      256    (0)    0 :  0.630 0.370 
257      257    (0)    0 :  0.568 0.432 
258      258    (0)    0 :  0.584 0.416 
259      259    (0)    0 :  0.613 0.387 
260      260    (0)    0 :  0.383 0.617 
261      261    (0)    0 :  0.696 0.304 
262      262    (0)    0 :  0.726 0.274 
263      263    (0)    0 :  0.622 0.378 
264      264    (0)    0 :  0.581 0.419 
265      265    (0)    0 :  0.434 0.566 
266      266    (0)    0 :  0.411 0.589 
267      267    (0)    0 :  0.771 0.229 
268      268    (0)    0 :  0.717 0.283 
269      269    (0)    0 :  0.607 0.393 
270      270    (0)    0 :  0.709 0.291 
271      271    (0)    0 :  0.418 0.582 
272      272    (0)    0 :  0.634 0.366 
273      273    (0)    0 :  0.543 0.457 
274      274    (0)    0 :  0.569 0.431 
275      275    (0)    0 :  0.621 0.379 
276      276    (0)    0 :  0.520 0.480 
277      277    (0)    0 :  0.660 0.340 
278      278    (0)    0 :  0.552 0.448 
279      279    (0)    0 :  0.427 0.573 
280      280    (0)    0 :  0.503 0.497 
281      281    (0)    0 :  0.482 0.518 
282      282    (0)    0 :  0.592 0.408 
283      283    (0)    0 :  0.652 0.348 
284      284    (0)    0 :  0.281 0.719 
285      285    (0)    0 :  0.634 0.366 
286      286    (0)    0 :  0.613 0.387 
287      287    (0)    0 :  0.506 0.494 
288      288    (0)    0 :  0.688 0.312 
289      289    (0)    0 :  0.620 0.380 
290      290    (0)    0 :  0.538 0.462 
291      291    (0)    0 :  0.661 0.339 
292      292    (0)    0 :  0.739 0.261 
293      293    (0)    0 :  0.732 0.268 
294      294    (0)    0 :  0.642 0.358 
295      295    (0)    0 :  0.530 0.470 
296      296    (0)    0 :  0.632 0.368 
297      297    (0)    0 :  0.542 0.458 
298      298    (0)    0 :  0.578 0.422 
299      299    (0)    0 :  0.592 0.408 
300      300    (0)    0 :  0.514 0.486 
301      301    (0)    0 :  0.730 0.270 
302      302    (0)    0 :  0.643 0.357 
303      303    (0)    0 :  0.437 0.563 
304      304    (0)    0 :  0.474 0.526 
305      305    (0)    0 :  0.375 0.625 
306      306    (0)    0 :  0.503 0.497 
307      307    (0)    0 :  0.573 0.427 
308      308    (0)    0 :  0.663 0.337 
309      309    (0)    0 :  0.604 0.396 
310      310    (0)    0 :  0.646 0.354 
311      311    (0)    0 :  0.506 0.494 
312      312    (0)    0 :  0.504 0.496 
313      313    (0)    0 :  0.521 0.479 


Estimated Allele Frequencies in each cluster
First column gives estimated ancestral frequencies


Locus 1 : 
2 alleles
0.0% missing data
   3   (0.054) 0.053 0.020 
   4   (0.946) 0.947 0.980 

Locus 2 : 
3 alleles
0.0% missing data
   1   (0.616) 0.616 0.754 
   3   (0.226) 0.227 0.081 
   4   (0.159) 0.158 0.165 

Locus 3 : 
2 alleles
0.0% missing data
   1   (0.849) 0.851 0.791 
   2   (0.151) 0.149 0.209 

Locus 4 : 
2 alleles
0.0% missing data
   4   (0.979) 0.980 0.999 
   3   (0.021) 0.020 0.001 

Locus 5 : 
2 alleles
0.0% missing data
   2   (0.861) 0.861 0.933 
   1   (0.139) 0.139 0.067 

Locus 6 : 
2 alleles
0.0% missing data
   1   (0.144) 0.144 0.124 
   3   (0.856) 0.856 0.876 

Locus 7 : 
3 alleles
0.0% missing data
   4   (0.397) 0.398 0.331 
   2   (0.432) 0.432 0.486 
   3   (0.171) 0.170 0.183 

Locus 8 : 
2 alleles
0.0% missing data
   3   (0.969) 0.970 0.981 
   4   (0.031) 0.030 0.019 

Locus 9 : 
2 alleles
0.0% missing data
   2   (0.913) 0.913 0.953 
   1   (0.087) 0.087 0.047 

Locus 10 : 
3 alleles
0.0% missing data
   4   (0.371) 0.370 0.445 
   2   (0.610) 0.612 0.551 
   1   (0.019) 0.018 0.004 

Locus 11 : 
2 alleles
0.0% missing data
   2   (0.907) 0.907 0.946 
   4   (0.093) 0.093 0.054 

Locus 12 : 
2 alleles
0.0% missing data
   1   (0.576) 0.577 0.566 
   2   (0.424) 0.423 0.434 

Locus 13 : 
3 alleles
0.0% missing data
   1   (0.263) 0.263 0.183 
   4   (0.200) 0.200 0.204 
   3   (0.537) 0.537 0.613 

Locus 14 : 
2 alleles
0.0% missing data
   4   (0.764) 0.764 0.821 
   3   (0.236) 0.236 0.179 

Locus 15 : 
2 alleles
0.0% missing data
   1   (0.742) 0.743 0.706 
   2   (0.258) 0.257 0.294 

Locus 16 : 
3 alleles
0.0% missing data
   3   (0.623) 0.623 0.712 
   1   (0.130) 0.130 0.057 
   2   (0.247) 0.247 0.231 

Locus 17 : 
2 alleles
0.0% missing data
   4   (0.870) 0.870 0.921 
   3   (0.130) 0.130 0.079 

Locus 18 : 
2 alleles
0.0% missing data
   3   (0.765) 0.765 0.828 
   4   (0.235) 0.235 0.172 

Locus 19 : 
3 alleles
0.0% missing data
   2   (0.117) 0.116 0.108 
   3   (0.332) 0.331 0.490 
   4   (0.552) 0.554 0.402 

Locus 20 : 
3 alleles
0.0% missing data
   4   (0.345) 0.345 0.379 
   1   (0.036) 0.035 0.020 
   2   (0.619) 0.620 0.601 

Locus 21 : 
2 alleles
0.0% missing data
   4   (0.798) 0.797 0.959 
   2   (0.202) 0.203 0.041 

Locus 22 : 
2 alleles
0.0% missing data
   4   (0.275) 0.275 0.216 
   3   (0.725) 0.725 0.784 

Locus 23 : 
3 alleles
0.0% missing data
   1   (0.353) 0.353 0.325 
   2   (0.250) 0.250 0.220 
   3   (0.397) 0.397 0.455 

Locus 24 : 
2 alleles
0.0% missing data
   3   (0.857) 0.858 0.883 
   4   (0.143) 0.142 0.117 

Locus 25 : 
3 alleles
0.0% missing data
   1   (0.374) 0.374 0.494 
   2   (0.429) 0.430 0.268 
   3   (0.197) 0.196 0.238 

Locus 26 : 
2 alleles
0.0% missing data
   1   (0.191) 0.190 0.183 
   2   (0.809) 0.810 0.817 

Locus 27 : 
3 alleles
0.0% missing data
   4   (0.740) 0.740 0.778 
   2   (0.241) 0.241 0.220 
   3   (0.020) 0.019 0.003 

Locus 28 : 
2 alleles
0.0% missing data
   2   (0.612) 0.612 0.639 
   1   (0.388) 0.388 0.361 

Locus 29 : 
2 alleles
0.0% missing data
   1   (0.878) 0.878 0.961 
   4   (0.122) 0.122 0.039 

Locus 30 : 
2 alleles
0.0% missing data
   2   (0.259) 0.256 0.738 
   1   (0.741) 0.744 0.262 

Locus 31 : 
2 alleles
0.0% missing data
   3   (0.563) 0.564 0.515 
   4   (0.437) 0.436 0.485 

Locus 32 : 
2 alleles
0.0% missing data
   1   (0.993) 0.994 1.000 
   2   (0.007) 0.006 0.000 

Locus 33 : 
3 alleles
0.0% missing data
   1   (0.507) 0.507 0.612 
   2   (0.385) 0.386 0.246 
   4   (0.108) 0.107 0.142 

Locus 34 : 
2 alleles
0.0% missing data
   1   (0.168) 0.169 0.059 
   3   (0.832) 0.831 0.941 

Locus 35 : 
2 alleles
0.0% missing data
   2   (0.480) 0.481 0.338 
   1   (0.520) 0.519 0.662 

Locus 36 : 
3 alleles
0.0% missing data
   2   (0.489) 0.488 0.606 
   1   (0.411) 0.411 0.365 
   4   (0.100) 0.100 0.029 

Locus 37 : 
2 alleles
0.0% missing data
   1   (0.262) 0.262 0.193 
   2   (0.738) 0.738 0.807 

Locus 38 : 
2 alleles
0.0% missing data
   2   (0.942) 0.942 0.994 
   4   (0.058) 0.058 0.006 

Locus 39 : 
2 alleles
0.0% missing data
   3   (0.579) 0.580 0.381 
   1   (0.421) 0.420 0.619 

Locus 40 : 
2 alleles
0.0% missing data
   2   (0.579) 0.579 0.576 
   4   (0.421) 0.421 0.424 

Locus 41 : 
1 alleles
0.0% missing data
   4   (1.000) 1.000 1.000 

Locus 42 : 
3 alleles
0.0% missing data
   1   (0.669) 0.671 0.671 
   3   (0.062) 0.061 0.087 
   4   (0.268) 0.268 0.242 

Locus 43 : 
3 alleles
0.0% missing data
   1   (0.415) 0.415 0.454 
   4   (0.483) 0.484 0.469 
   2   (0.102) 0.101 0.077 

Locus 44 : 
2 alleles
0.0% missing data
   2   (0.823) 0.823 0.810 
   3   (0.177) 0.177 0.190 

Locus 45 : 
2 alleles
0.0% missing data
   3   (0.795) 0.795 0.870 
   4   (0.205) 0.205 0.130 

Locus 46 : 
3 alleles
0.0% missing data
   4   (0.714) 0.714 0.797 
   3   (0.161) 0.160 0.171 
   2   (0.125) 0.125 0.031 

Locus 47 : 
2 alleles
0.0% missing data
   4   (0.949) 0.949 0.989 
   3   (0.051) 0.051 0.011 

Locus 48 : 
2 alleles
0.0% missing data
   2   (0.960) 0.961 0.939 
   1   (0.040) 0.039 0.061 

Locus 49 : 
2 alleles
0.0% missing data
   4   (0.939) 0.939 0.968 
   2   (0.061) 0.061 0.032 

Locus 50 : 
2 alleles
0.0% missing data
   4   (0.483) 0.483 0.421 
   3   (0.517) 0.517 0.579 

Locus 51 : 
2 alleles
0.0% missing data
   4   (0.906) 0.907 0.898 
   2   (0.094) 0.093 0.102 

Locus 52 : 
2 alleles
0.0% missing data
   1   (0.737) 0.737 0.823 
   2   (0.263) 0.263 0.177 

Locus 53 : 
2 alleles
0.0% missing data
   3   (0.390) 0.390 0.297 
   4   (0.610) 0.610 0.703 

Locus 54 : 
1 alleles
0.0% missing data
   1   (1.000) 1.000 1.000 

Locus 55 : 
2 alleles
0.0% missing data
   3   (0.848) 0.852 0.298 
   4   (0.152) 0.148 0.702 

Locus 56 : 
2 alleles
0.0% missing data
   2   (0.689) 0.690 0.672 
   4   (0.311) 0.310 0.328 

Locus 57 : 
2 alleles
0.0% missing data
   1   (0.753) 0.753 0.757 
   2   (0.247) 0.247 0.243 

Locus 58 : 
3 alleles
0.0% missing data
   4   (0.641) 0.642 0.620 
   3   (0.183) 0.182 0.260 
   2   (0.176) 0.176 0.120 

Locus 59 : 
2 alleles
0.0% missing data
   3   (0.718) 0.718 0.772 
   4   (0.282) 0.282 0.228 

Locus 60 : 
2 alleles
0.0% missing data
   2   (0.633) 0.633 0.695 
   1   (0.367) 0.367 0.305 

Locus 61 : 
2 alleles
0.0% missing data
   2   (0.433) 0.433 0.529 
   1   (0.567) 0.567 0.471 

Locus 62 : 
3 alleles
0.0% missing data
   3   (0.395) 0.394 0.532 
   2   (0.598) 0.600 0.467 
   4   (0.007) 0.006 0.000 

Locus 63 : 
1 alleles
0.0% missing data
   1   (1.000) 1.000 1.000 

Locus 64 : 
2 alleles
0.0% missing data
   3   (0.887) 0.887 0.978 
   1   (0.113) 0.113 0.022 

Locus 65 : 
3 alleles
0.0% missing data
   1   (0.335) 0.335 0.301 
   2   (0.486) 0.486 0.604 
   4   (0.179) 0.179 0.095 

Locus 66 : 
2 alleles
0.0% missing data
   1   (0.769) 0.771 0.598 
   2   (0.231) 0.229 0.402 

Locus 67 : 
2 alleles
0.0% missing data
   2   (0.423) 0.422 0.550 
   3   (0.577) 0.578 0.450 

Locus 68 : 
2 alleles
0.0% missing data
   4   (0.781) 0.781 0.875 
   3   (0.219) 0.219 0.125 

Locus 69 : 
2 alleles
0.0% missing data
   2   (0.915) 0.916 0.953 
   1   (0.085) 0.084 0.047 

Locus 70 : 
3 alleles
0.0% missing data
   1   (0.686) 0.688 0.590 
   2   (0.117) 0.116 0.276 
   4   (0.196) 0.197 0.133 

Locus 71 : 
2 alleles
0.0% missing data
   4   (0.985) 0.986 0.999 
   1   (0.015) 0.014 0.001 

Locus 72 : 
2 alleles
0.0% missing data
   2   (0.968) 0.969 0.994 
   1   (0.032) 0.031 0.006 

Locus 73 : 
2 alleles
0.0% missing data
   3   (0.923) 0.923 0.986 
   4   (0.077) 0.077 0.014 

Locus 74 : 
2 alleles
0.0% missing data
   1   (0.800) 0.800 0.785 
   3   (0.200) 0.200 0.215 

Locus 75 : 
3 alleles
0.0% missing data
   2   (0.588) 0.589 0.612 
   3   (0.326) 0.325 0.331 
   4   (0.087) 0.086 0.057 

Locus 76 : 
3 alleles
0.0% missing data
   1   (0.509) 0.507 0.779 
   4   (0.409) 0.410 0.214 
   3   (0.082) 0.083 0.007 

Locus 77 : 
2 alleles
0.0% missing data
   1   (0.973) 0.973 0.995 
   2   (0.027) 0.027 0.005 

Locus 78 : 
2 alleles
0.0% missing data
   4   (0.835) 0.835 0.933 
   3   (0.165) 0.165 0.067 

Locus 79 : 
2 alleles
0.0% missing data
   3   (0.891) 0.892 0.942 
   4   (0.109) 0.108 0.058 

Locus 80 : 
2 alleles
0.0% missing data
   2   (0.872) 0.871 0.968 
   3   (0.128) 0.129 0.032 

Locus 81 : 
3 alleles
0.0% missing data
   3   (0.472) 0.473 0.493 
   2   (0.503) 0.504 0.503 
   1   (0.024) 0.024 0.004 

Locus 82 : 
2 alleles
0.0% missing data
   4   (0.988) 0.988 0.999 
   3   (0.012) 0.012 0.001 

Locus 83 : 
3 alleles
0.0% missing data
   4   (0.773) 0.775 0.742 
   3   (0.149) 0.147 0.236 
   1   (0.078) 0.078 0.023 

Locus 84 : 
2 alleles
0.0% missing data
   3   (0.865) 0.865 0.958 
   4   (0.135) 0.135 0.042 

Locus 85 : 
2 alleles
0.0% missing data
   3   (0.958) 0.960 0.966 
   1   (0.042) 0.040 0.034 

Locus 86 : 
1 alleles
0.0% missing data
   2   (1.000) 1.000 1.000 

Locus 87 : 
2 alleles
0.0% missing data
   1   (0.876) 0.875 0.977 
   2   (0.124) 0.125 0.023 

Locus 88 : 
2 alleles
0.0% missing data
   3   (0.480) 0.481 0.411 
   4   (0.520) 0.519 0.589 

Locus 89 : 
2 alleles
0.0% missing data
   3   (0.404) 0.404 0.386 
   4   (0.596) 0.596 0.614 

Locus 90 : 
2 alleles
0.0% missing data
   2   (0.304) 0.303 0.448 
   1   (0.696) 0.697 0.552 

Locus 91 : 
3 alleles
0.0% missing data
   2   (0.558) 0.559 0.534 
   3   (0.234) 0.233 0.272 
   1   (0.208) 0.208 0.193 

Locus 92 : 
2 alleles
0.0% missing data
   2   (0.977) 0.977 0.999 
   3   (0.023) 0.023 0.001 

Locus 93 : 
2 alleles
0.0% missing data
   1   (0.902) 0.903 0.941 
   2   (0.098) 0.097 0.059 

Locus 94 : 
2 alleles
0.0% missing data
   3   (0.908) 0.908 0.964 
   4   (0.092) 0.092 0.036 

Locus 95 : 
2 alleles
0.0% missing data
   4   (0.576) 0.577 0.589 
   3   (0.424) 0.423 0.411 

Locus 96 : 
2 alleles
0.0% missing data
   1   (0.853) 0.854 0.894 
   2   (0.147) 0.146 0.106 

Locus 97 : 
2 alleles
0.0% missing data
   4   (0.657) 0.656 0.716 
   3   (0.343) 0.344 0.284 

Locus 98 : 
2 alleles
0.0% missing data
   1   (0.971) 0.972 0.998 
   2   (0.029) 0.028 0.002 

Locus 99 : 
2 alleles
0.0% missing data
   4   (0.280) 0.278 0.448 
   3   (0.720) 0.722 0.552 

Locus 100 : 
2 alleles
0.0% missing data
   4   (0.647) 0.646 0.775 
   3   (0.353) 0.354 0.225 

Values of parameters used in structure:
DATAFILE=/home/ch1158/Ergebnisse_STRUCTURE/Gruppe_Testen/CEU_IBS_TS_Enhanced_corr,	OUTFILE=/home/ch1158/Ergebnisse_STRUCTURE/Gruppe_Testen/CEU_IBS_TSI_enhanced_corr,	NUMINDS=313,	NUMLOCI=100,	MISSING=-9,	LABEL=1,	POPDATA=1,	POPFLAG=0,	PHENOTYPE=0,	EXTRACOLS=0,	MAXPOPS=2,	BURNIN=10000,	NUMREPS=20000,	USEPOPINFO=0,	INFERALPHA=1,	INFERLAMBDA=0,	POPSPECIFICLAMBDA=0,	POPALPHAS=0,	COMPUTEPROB=1,	NOADMIX=0,	ADMBURNIN=500,	UPDATEFREQ=100,	PRINTLIKES=0,	INTERMEDSAVE=0,	PRINTKLD=0,	PRINTNET=1,	PRINTLAMBDA=1,	ANCESTDIST=0,	NUMBOXES=1000,	ANCESTPINT=0.90000,	GENSBACK=2,	MIGRPRIOR=0.01000,	PRINTQHAT=0,	PRINTQSUM=1,	ALPHA=1.0000,	FREQSCORR=1,	FPRIORMEAN=0.0100,	FPRIORSD=0.0500,	ONEFST=0,	LAMBDA=1.0000,	UNIFPRIORALPHA=1,	ALPHAMAX=10.0000,	ALPHAPRIORA=1.0000,	ALPHAPRIORB=2.0000,	ALPHAPROPSD=0.0250,	STARTATPOPINFO=0,	RANDOMIZE=1,	LINKAGE=0,	METROFREQ=10,	REPORTHITRATE=0,	MARKOVPHASE=0,	PHASED=0,	PLOIDY=2,	PHASEINFO=0	LOCPRIOR=0, 	LOCPRIORINIT=1.000000, 	LOCDATA=0, 	LOCISPOP=1, 	LOCPRIORSTEP=0.100000, 	MAXLOCPRIOR=20.000000, 	SEED=1723899395,	
[STRAT parameters]:    NUMSIMSTATS=1000,	PHENOTYPECOL=-9,	POOLFREQ=10,	LOCUSxONLY=0,	EMERROR=0.00100,	MISSINGPHENO=-9,	
