

----------------------------------------------------
STRUCTURE by Pritchard, Stephens and Donnelly (2000)
     and Falush, Stephens and Pritchard (2003)
       Code by Pritchard, Falush and Hubisz
             Version 2.3.4 (Jul 2012)
----------------------------------------------------



Command line arguments:   ./structure -i /home/ch1158/Ergebnisse_STRUCTURE/msprime/msprime_simulation_migration5_mutation1 -o 3Island_mi5_mu1 
Input File:    /home/ch1158/Ergebnisse_STRUCTURE/msprime/msprime_simulation_migration5_mutation1

Run parameters:
   150 individuals
   50 loci
   3 populations assumed
   10000 Burn-in period
   20000 Reps


--------------------------------------------
Proportion of membership of each pre-defined
 population in each of the 3 clusters

Given    Inferred Clusters       Number of
 Pop       1      2      3      Individuals

  0:     0.326  0.323  0.351      150
--------------------------------------------

Allele-freq. divergence among pops (Net nucleotide distance),
computed using point estimates of P.

      1       2       3      
 1      -    0.0000  0.0229  
 2   0.0000     -    0.0229  
 3   0.0229  0.0229     -    

Average distances (expected heterozygosity) between individuals in same cluster:
cluster  1  : 0.3520 
cluster  2  : 0.3520 
cluster  3  : 0.2938 

--------------------------------------------
Estimated Ln Prob of Data   = -7562.5
Mean value of ln likelihood = -7511.4
Variance of ln likelihood   = 102.3
Mean value of alpha         = 0.1120

Mean value of Fst_1         = 0.0001
Mean value of Fst_2         = 0.0001
Mean value of Fst_3         = 0.1658


Inferred ancestry of individuals:
        Label (%Miss) Pop:  Inferred clusters
  1        1    (0)    0 :  0.490 0.481 0.029 
  2        2    (0)    0 :  0.453 0.435 0.112 
  3        3    (0)    0 :  0.476 0.497 0.027 
  4        4    (0)    0 :  0.438 0.462 0.100 
  5        5    (0)    0 :  0.465 0.479 0.056 
  6        6    (0)    0 :  0.087 0.087 0.826 
  7        7    (0)    0 :  0.432 0.523 0.044 
  8        8    (0)    0 :  0.473 0.504 0.023 
  9        9    (0)    0 :  0.447 0.456 0.097 
 10       10    (0)    0 :  0.523 0.459 0.018 
 11       11    (0)    0 :  0.520 0.453 0.027 
 12       12    (0)    0 :  0.458 0.465 0.077 
 13       13    (0)    0 :  0.467 0.486 0.048 
 14       14    (0)    0 :  0.487 0.497 0.016 
 15       15    (0)    0 :  0.499 0.455 0.046 
 16       16    (0)    0 :  0.473 0.501 0.027 
 17       17    (0)    0 :  0.517 0.462 0.021 
 18       18    (0)    0 :  0.486 0.476 0.038 
 19       19    (0)    0 :  0.482 0.449 0.069 
 20       20    (0)    0 :  0.460 0.485 0.055 
 21       21    (0)    0 :  0.472 0.473 0.056 
 22       22    (0)    0 :  0.514 0.459 0.026 
 23       23    (0)    0 :  0.477 0.456 0.067 
 24       24    (0)    0 :  0.465 0.490 0.045 
 25       25    (0)    0 :  0.477 0.451 0.072 
 26       26    (0)    0 :  0.491 0.476 0.033 
 27       27    (0)    0 :  0.455 0.477 0.068 
 28       28    (0)    0 :  0.444 0.461 0.095 
 29       29    (0)    0 :  0.481 0.501 0.018 
 30       30    (0)    0 :  0.478 0.483 0.039 
 31       31    (0)    0 :  0.473 0.495 0.032 
 32       32    (0)    0 :  0.326 0.340 0.334 
 33       33    (0)    0 :  0.475 0.452 0.073 
 34       34    (0)    0 :  0.491 0.480 0.028 
 35       35    (0)    0 :  0.466 0.499 0.034 
 36       36    (0)    0 :  0.475 0.451 0.075 
 37       37    (0)    0 :  0.405 0.455 0.140 
 38       38    (0)    0 :  0.328 0.342 0.330 
 39       39    (0)    0 :  0.322 0.349 0.329 
 40       40    (0)    0 :  0.482 0.501 0.017 
 41       41    (0)    0 :  0.138 0.133 0.729 
 42       42    (0)    0 :  0.485 0.475 0.039 
 43       43    (0)    0 :  0.479 0.452 0.069 
 44       44    (0)    0 :  0.352 0.347 0.301 
 45       45    (0)    0 :  0.373 0.388 0.239 
 46       46    (0)    0 :  0.512 0.452 0.037 
 47       47    (0)    0 :  0.078 0.081 0.841 
 48       48    (0)    0 :  0.480 0.466 0.053 
 49       49    (0)    0 :  0.398 0.396 0.206 
 50       50    (0)    0 :  0.342 0.348 0.309 
 51       51    (0)    0 :  0.401 0.388 0.211 
 52       52    (0)    0 :  0.496 0.459 0.045 
 53       53    (0)    0 :  0.334 0.338 0.328 
 54       54    (0)    0 :  0.498 0.471 0.031 
 55       55    (0)    0 :  0.449 0.434 0.117 
 56       56    (0)    0 :  0.515 0.467 0.019 
 57       57    (0)    0 :  0.464 0.476 0.060 
 58       58    (0)    0 :  0.494 0.473 0.033 
 59       59    (0)    0 :  0.465 0.515 0.020 
 60       60    (0)    0 :  0.501 0.474 0.025 
 61       61    (0)    0 :  0.466 0.509 0.024 
 62       62    (0)    0 :  0.487 0.475 0.038 
 63       63    (0)    0 :  0.470 0.497 0.033 
 64       64    (0)    0 :  0.475 0.509 0.016 
 65       65    (0)    0 :  0.472 0.489 0.039 
 66       66    (0)    0 :  0.456 0.445 0.099 
 67       67    (0)    0 :  0.420 0.419 0.161 
 68       68    (0)    0 :  0.446 0.452 0.102 
 69       69    (0)    0 :  0.500 0.477 0.023 
 70       70    (0)    0 :  0.449 0.434 0.117 
 71       71    (0)    0 :  0.314 0.290 0.396 
 72       72    (0)    0 :  0.469 0.462 0.069 
 73       73    (0)    0 :  0.490 0.474 0.036 
 74       74    (0)    0 :  0.466 0.490 0.045 
 75       75    (0)    0 :  0.066 0.067 0.866 
 76       76    (0)    0 :  0.362 0.391 0.247 
 77       77    (0)    0 :  0.495 0.480 0.024 
 78       78    (0)    0 :  0.456 0.474 0.070 
 79       79    (0)    0 :  0.460 0.481 0.059 
 80       80    (0)    0 :  0.467 0.455 0.078 
 81       81    (0)    0 :  0.505 0.472 0.024 
 82       82    (0)    0 :  0.465 0.466 0.069 
 83       83    (0)    0 :  0.457 0.454 0.089 
 84       84    (0)    0 :  0.414 0.350 0.236 
 85       85    (0)    0 :  0.308 0.302 0.390 
 86       86    (0)    0 :  0.486 0.489 0.025 
 87       87    (0)    0 :  0.539 0.441 0.020 
 88       88    (0)    0 :  0.474 0.458 0.068 
 89       89    (0)    0 :  0.517 0.459 0.024 
 90       90    (0)    0 :  0.423 0.385 0.191 
 91       91    (0)    0 :  0.354 0.311 0.336 
 92       92    (0)    0 :  0.462 0.494 0.044 
 93       93    (0)    0 :  0.486 0.467 0.047 
 94       94    (0)    0 :  0.516 0.461 0.023 
 95       95    (0)    0 :  0.498 0.465 0.037 
 96       96    (0)    0 :  0.468 0.464 0.068 
 97       97    (0)    0 :  0.475 0.454 0.072 
 98       98    (0)    0 :  0.460 0.479 0.061 
 99       99    (0)    0 :  0.477 0.487 0.037 
100      100    (0)    0 :  0.481 0.469 0.050 
101      101    (0)    0 :  0.050 0.047 0.903 
102      102    (0)    0 :  0.071 0.073 0.855 
103      103    (0)    0 :  0.147 0.141 0.713 
104      104    (0)    0 :  0.026 0.028 0.946 
105      105    (0)    0 :  0.086 0.098 0.815 
106      106    (0)    0 :  0.078 0.071 0.851 
107      107    (0)    0 :  0.065 0.068 0.868 
108      108    (0)    0 :  0.033 0.031 0.936 
109      109    (0)    0 :  0.028 0.024 0.947 
110      110    (0)    0 :  0.251 0.245 0.504 
111      111    (0)    0 :  0.139 0.151 0.709 
112      112    (0)    0 :  0.033 0.031 0.936 
113      113    (0)    0 :  0.096 0.104 0.801 
114      114    (0)    0 :  0.018 0.022 0.961 
115      115    (0)    0 :  0.018 0.019 0.963 
116      116    (0)    0 :  0.072 0.089 0.840 
117      117    (0)    0 :  0.247 0.282 0.471 
118      118    (0)    0 :  0.401 0.451 0.149 
119      119    (0)    0 :  0.119 0.122 0.760 
120      120    (0)    0 :  0.110 0.085 0.805 
121      121    (0)    0 :  0.047 0.050 0.903 
122      122    (0)    0 :  0.022 0.021 0.957 
123      123    (0)    0 :  0.023 0.024 0.952 
124      124    (0)    0 :  0.036 0.034 0.931 
125      125    (0)    0 :  0.023 0.020 0.957 
126      126    (0)    0 :  0.019 0.020 0.961 
127      127    (0)    0 :  0.035 0.033 0.932 
128      128    (0)    0 :  0.028 0.024 0.948 
129      129    (0)    0 :  0.147 0.135 0.718 
130      130    (0)    0 :  0.023 0.022 0.955 
131      131    (0)    0 :  0.188 0.174 0.638 
132      132    (0)    0 :  0.049 0.047 0.903 
133      133    (0)    0 :  0.042 0.044 0.914 
134      134    (0)    0 :  0.070 0.070 0.860 
135      135    (0)    0 :  0.032 0.036 0.932 
136      136    (0)    0 :  0.016 0.013 0.972 
137      137    (0)    0 :  0.306 0.289 0.406 
138      138    (0)    0 :  0.038 0.037 0.925 
139      139    (0)    0 :  0.045 0.052 0.903 
140      140    (0)    0 :  0.022 0.023 0.955 
141      141    (0)    0 :  0.143 0.163 0.694 
142      142    (0)    0 :  0.118 0.114 0.767 
143      143    (0)    0 :  0.016 0.018 0.966 
144      144    (0)    0 :  0.250 0.255 0.495 
145      145    (0)    0 :  0.037 0.035 0.927 
146      146    (0)    0 :  0.052 0.062 0.886 
147      147    (0)    0 :  0.345 0.331 0.324 
148      148    (0)    0 :  0.012 0.014 0.973 
149      149    (0)    0 :  0.191 0.172 0.637 
150      150    (0)    0 :  0.148 0.136 0.716 


Estimated Allele Frequencies in each cluster
First column gives estimated ancestral frequencies


Locus 1 : 
2 alleles
0.0% missing data
   1   (0.391) 0.391 0.391 0.269 
   0   (0.609) 0.609 0.609 0.731 

Locus 2 : 
2 alleles
0.0% missing data
   0   (0.840) 0.840 0.840 0.876 
   1   (0.160) 0.160 0.160 0.124 

Locus 3 : 
2 alleles
0.0% missing data
   1   (0.477) 0.477 0.477 0.587 
   0   (0.523) 0.523 0.523 0.413 

Locus 4 : 
2 alleles
0.0% missing data
   0   (0.883) 0.883 0.883 0.991 
   1   (0.117) 0.117 0.117 0.009 

Locus 5 : 
2 alleles
0.0% missing data
   0   (0.223) 0.223 0.223 0.258 
   1   (0.777) 0.777 0.777 0.742 

Locus 6 : 
2 alleles
0.0% missing data
   0   (0.982) 0.982 0.982 0.999 
   1   (0.018) 0.018 0.018 0.001 

Locus 7 : 
2 alleles
0.0% missing data
   1   (0.103) 0.103 0.103 0.010 
   0   (0.897) 0.897 0.897 0.990 

Locus 8 : 
2 alleles
0.0% missing data
   0   (0.668) 0.668 0.668 0.661 
   1   (0.332) 0.332 0.332 0.339 

Locus 9 : 
2 alleles
0.0% missing data
   0   (0.863) 0.863 0.863 0.778 
   1   (0.137) 0.137 0.137 0.222 

Locus 10 : 
2 alleles
0.0% missing data
   1   (0.418) 0.418 0.418 0.394 
   0   (0.582) 0.582 0.582 0.606 

Locus 11 : 
2 alleles
0.0% missing data
   0   (0.926) 0.926 0.926 0.995 
   1   (0.074) 0.074 0.074 0.005 

Locus 12 : 
2 alleles
0.0% missing data
   0   (0.457) 0.457 0.457 0.870 
   1   (0.543) 0.543 0.543 0.130 

Locus 13 : 
2 alleles
0.0% missing data
   1   (0.416) 0.416 0.416 0.201 
   0   (0.584) 0.584 0.584 0.799 

Locus 14 : 
2 alleles
0.0% missing data
   1   (0.592) 0.592 0.592 0.336 
   0   (0.408) 0.408 0.408 0.664 

Locus 15 : 
2 alleles
0.0% missing data
   1   (0.223) 0.223 0.223 0.079 
   0   (0.777) 0.777 0.777 0.921 

Locus 16 : 
2 alleles
0.0% missing data
   0   (0.819) 0.819 0.819 0.741 
   1   (0.181) 0.181 0.181 0.259 

Locus 17 : 
2 alleles
0.0% missing data
   0   (0.798) 0.798 0.798 0.896 
   1   (0.202) 0.202 0.202 0.104 

Locus 18 : 
2 alleles
0.0% missing data
   0   (0.585) 0.585 0.585 0.844 
   1   (0.415) 0.415 0.415 0.156 

Locus 19 : 
2 alleles
0.0% missing data
   0   (0.916) 0.916 0.916 0.775 
   1   (0.084) 0.084 0.084 0.225 

Locus 20 : 
2 alleles
0.0% missing data
   1   (0.146) 0.146 0.146 0.225 
   0   (0.854) 0.854 0.854 0.775 

Locus 21 : 
2 alleles
0.0% missing data
   0   (0.608) 0.608 0.608 0.858 
   1   (0.392) 0.392 0.392 0.142 

Locus 22 : 
2 alleles
0.0% missing data
   0   (0.716) 0.716 0.716 0.812 
   1   (0.284) 0.284 0.284 0.188 

Locus 23 : 
2 alleles
0.0% missing data
   0   (0.715) 0.715 0.715 0.643 
   1   (0.285) 0.285 0.285 0.357 

Locus 24 : 
2 alleles
0.0% missing data
   1   (0.665) 0.665 0.665 0.825 
   0   (0.335) 0.335 0.335 0.175 

Locus 25 : 
2 alleles
0.0% missing data
   1   (0.711) 0.711 0.711 0.807 
   0   (0.289) 0.289 0.289 0.193 

Locus 26 : 
2 alleles
0.0% missing data
   0   (0.920) 0.920 0.920 0.996 
   1   (0.080) 0.080 0.080 0.004 

Locus 27 : 
2 alleles
0.0% missing data
   1   (0.480) 0.480 0.480 0.333 
   0   (0.520) 0.520 0.520 0.667 

Locus 28 : 
2 alleles
0.0% missing data
   1   (0.478) 0.478 0.478 0.466 
   0   (0.522) 0.522 0.522 0.534 

Locus 29 : 
2 alleles
0.0% missing data
   1   (0.688) 0.687 0.687 0.528 
   0   (0.312) 0.313 0.313 0.472 

Locus 30 : 
2 alleles
0.0% missing data
   1   (0.151) 0.151 0.151 0.157 
   0   (0.849) 0.849 0.849 0.843 

Locus 31 : 
2 alleles
0.0% missing data
   0   (0.442) 0.442 0.442 0.655 
   1   (0.558) 0.558 0.558 0.345 

Locus 32 : 
2 alleles
0.0% missing data
   0   (0.898) 0.898 0.898 0.950 
   1   (0.102) 0.102 0.102 0.050 

Locus 33 : 
2 alleles
0.0% missing data
   0   (0.354) 0.354 0.354 0.260 
   1   (0.646) 0.646 0.646 0.740 

Locus 34 : 
2 alleles
0.0% missing data
   0   (0.660) 0.660 0.660 0.835 
   1   (0.340) 0.340 0.340 0.165 

Locus 35 : 
2 alleles
0.0% missing data
   0   (0.916) 0.916 0.916 0.974 
   1   (0.084) 0.084 0.084 0.026 

Locus 36 : 
2 alleles
0.0% missing data
   0   (0.925) 0.925 0.925 0.953 
   1   (0.075) 0.075 0.075 0.047 

Locus 37 : 
2 alleles
0.0% missing data
   0   (0.738) 0.738 0.738 0.923 
   1   (0.262) 0.262 0.262 0.077 

Locus 38 : 
2 alleles
0.0% missing data
   0   (0.855) 0.856 0.856 0.748 
   1   (0.145) 0.144 0.144 0.252 

Locus 39 : 
2 alleles
0.0% missing data
   0   (0.760) 0.761 0.761 0.702 
   1   (0.240) 0.239 0.239 0.298 

Locus 40 : 
2 alleles
0.0% missing data
   1   (0.669) 0.669 0.669 0.312 
   0   (0.331) 0.331 0.331 0.688 

Locus 41 : 
2 alleles
0.0% missing data
   1   (0.714) 0.714 0.714 0.619 
   0   (0.286) 0.286 0.286 0.381 

Locus 42 : 
2 alleles
0.0% missing data
   0   (0.598) 0.598 0.598 0.930 
   1   (0.402) 0.402 0.402 0.070 

Locus 43 : 
2 alleles
0.0% missing data
   0   (0.824) 0.824 0.824 0.989 
   1   (0.176) 0.176 0.176 0.011 

Locus 44 : 
2 alleles
0.0% missing data
   0   (0.848) 0.848 0.848 0.770 
   1   (0.152) 0.152 0.152 0.230 

Locus 45 : 
2 alleles
0.0% missing data
   0   (0.668) 0.668 0.668 0.695 
   1   (0.332) 0.332 0.332 0.305 

Locus 46 : 
2 alleles
0.0% missing data
   0   (0.665) 0.665 0.665 0.436 
   1   (0.335) 0.335 0.335 0.564 

Locus 47 : 
2 alleles
0.0% missing data
   0   (0.875) 0.875 0.875 0.788 
   1   (0.125) 0.125 0.125 0.212 

Locus 48 : 
2 alleles
0.0% missing data
   0   (0.855) 0.855 0.855 0.985 
   1   (0.145) 0.145 0.145 0.015 

Locus 49 : 
2 alleles
0.0% missing data
   0   (0.430) 0.430 0.430 0.500 
   1   (0.570) 0.570 0.570 0.500 

Locus 50 : 
2 alleles
0.0% missing data
   0   (0.742) 0.742 0.742 0.697 
   1   (0.258) 0.258 0.258 0.303 

Values of parameters used in structure:
DATAFILE=/home/ch1158/Ergebnisse_STRUCTURE/msprime/msprime_simulation_migration5_mutation1,	OUTFILE=3Island_mi5_mu1,	NUMINDS=150,	NUMLOCI=50,	MISSING=-9,	LABEL=1,	POPDATA=1,	POPFLAG=0,	PHENOTYPE=0,	EXTRACOLS=0,	MAXPOPS=3,	BURNIN=10000,	NUMREPS=20000,	USEPOPINFO=0,	INFERALPHA=1,	INFERLAMBDA=0,	POPSPECIFICLAMBDA=0,	POPALPHAS=0,	COMPUTEPROB=1,	NOADMIX=0,	ADMBURNIN=500,	UPDATEFREQ=100,	PRINTLIKES=0,	INTERMEDSAVE=0,	PRINTKLD=0,	PRINTNET=1,	PRINTLAMBDA=1,	ANCESTDIST=0,	NUMBOXES=1000,	ANCESTPINT=0.90000,	GENSBACK=2,	MIGRPRIOR=0.01000,	PRINTQHAT=0,	PRINTQSUM=1,	ALPHA=1.0000,	FREQSCORR=1,	FPRIORMEAN=0.0100,	FPRIORSD=0.0500,	ONEFST=0,	LAMBDA=1.0000,	UNIFPRIORALPHA=1,	ALPHAMAX=10.0000,	ALPHAPRIORA=1.0000,	ALPHAPRIORB=2.0000,	ALPHAPROPSD=0.0250,	STARTATPOPINFO=0,	RANDOMIZE=1,	LINKAGE=0,	METROFREQ=10,	REPORTHITRATE=0,	MARKOVPHASE=0,	PHASED=0,	PLOIDY=2,	PHASEINFO=0	LOCPRIOR=0, 	LOCPRIORINIT=1.000000, 	LOCDATA=0, 	LOCISPOP=1, 	LOCPRIORSTEP=0.100000, 	MAXLOCPRIOR=20.000000, 	SEED=1715673427,	
[STRAT parameters]:    NUMSIMSTATS=1000,	PHENOTYPECOL=-9,	POOLFREQ=10,	LOCUSxONLY=0,	EMERROR=0.00100,	MISSINGPHENO=-9,	