0.947 0.98
0.227 0.081
0.158 0.165
0.149 0.209
0.02 0.001
0.139 0.067
0.856 0.876
0.432 0.486
0.17 0.183
0.03 0.019
0.087 0.047
0.612 0.551
0.018 0.004
0.093 0.054
0.423 0.434
0.2 0.204
0.537 0.613
0.236 0.179
0.257 0.294
0.13 0.057
0.247 0.231
0.13 0.079
0.235 0.172
0.331 0.49
0.554 0.402
0.035 0.02
0.62 0.601
0.203 0.041
0.725 0.784
0.25 0.22
0.397 0.455
0.142 0.117
0.43 0.268
0.196 0.238
0.81 0.817
0.241 0.22
0.019 0.003
0.388 0.361
0.122 0.039
0.744 0.262
0.436 0.485
0.006 0
0.386 0.246
0.107 0.142
0.831 0.941
0.519 0.662
0.411 0.365
0.1 0.029
0.738 0.807
0.058 0.006
0.42 0.619
0.421 0.424
1 1
0.061 0.087
0.268 0.242
0.484 0.469
0.101 0.077
0.177 0.19
0.205 0.13
0.16 0.171
0.125 0.031
0.051 0.011
0.039 0.061
0.061 0.032
0.517 0.579
0.093 0.102
0.263 0.177
0.61 0.703
1 1
0.148 0.702
0.31 0.328
0.247 0.243
0.182 0.26
0.176 0.12
0.282 0.228
0.367 0.305
0.567 0.471
0.6 0.467
0.006 0
1 1
0.113 0.022
0.486 0.604
0.179 0.095
0.229 0.402
0.578 0.45
0.219 0.125
0.084 0.047
0.116 0.276
0.197 0.133
0.014 0.001
0.031 0.006
0.077 0.014
0.2 0.215
0.325 0.331
0.086 0.057
0.41 0.214
0.083 0.007
0.027 0.005
0.165 0.067
0.108 0.058
0.129 0.032
0.504 0.503
0.024 0.004
0.012 0.001
0.147 0.236
0.078 0.023
0.135 0.042
0.04 0.034
1 1
0.125 0.023
0.519 0.589
0.596 0.614
0.697 0.552
0.233 0.272
0.208 0.193
0.023 0.001
0.097 0.059
0.092 0.036
0.423 0.411
0.146 0.106
0.344 0.284
0.028 0.002
0.722 0.552
0.354 0.225
