1.00000000000000	1.11022302462516e-16
0.416135826962407	0.583864173037593
0.360182177046304	0.639817822953696
0.352883874883334	0.647116125116666
0.248274877214099	0.751725122785901
0.344774650257812	0.655225349742188
0.926206055907749	0.0737939440922514
0.582374931785610	0.417625068214390
0.369913246596931	0.630086753403069
0.256384101839621	0.743615898160379
0.302606682205097	0.697393317794903
0.728340975045009	0.271659024954991
0.246653032288994	0.753346967711006
0.307472216980410	0.692527783019590
0.575076629622641	0.424923370377359
0.394240920473497	0.605759079526503
0.667521790353593	0.332478209646407
0.423434129125377	0.576565870874623
0.440463500838973	0.559536499161027
0.337476348094842	0.662523651905158
0.432354276213451	0.567645723786549
0.337476348094842	0.662523651905158
0.422623206662825	0.577376793337175
0.500471763067837	0.499528236932163
0.681307472216980	0.318692527783020
0.260438714152382	0.739561285847618
0.734828354745426	0.265171645254574
0.396673687861154	0.603326312138846
0.819975213313409	0.180024786686591
0.434787043601108	0.565212956398892
0.553992645596283	0.446007354403717
0.347207417645469	0.652792582354531
0.580753086860506	0.419246913139494
0.390997230623288	0.609002769376712
0.888903622630347	0.111096377369653
0.427488741438138	0.572511258561862
0.247463954751547	0.752536045248453
0.546694343433313	0.453305656566687
0.330988968394424	0.669011031605576
0.835382740101901	0.164617259898099
0.585618621635819	0.414381378364181
0.236921962738368	0.763078037261632
0.545072498508209	0.454927501491791
0.318825131456141	0.681174868543859
0.905932994343943	0.0940670056560567
0.652925186027653	0.347074813972347
0.565345560072014	0.434654439927986
0.313148674218276	0.686851325781724
0.830517205326588	0.169482794673412
0.279089930791083	0.720910069208917
0.572643862234984	0.427356137765016
0.573454784697536	0.426545215302464
0.281522698178740	0.718477301821260
0.449383647927048	0.550616352072952
0.624542899838326	0.375457100161674
0.313959596680828	0.686040403319172
0.375589703834796	0.624410296165204
0.398295532786258	0.601704467213742
0.361804021971409	0.638195978028591
0.333421735782081	0.666578264217919
0.273413473553217	0.726586526446783
0.263682404002591	0.736317595997409
0.281522698178740	0.718477301821260
0.651303341102549	0.348696658897451
0.307472216980410	0.692527783019590
0.445329035614286	0.554670964385714
0.726719130119904	0.273280869880096
0.352072952420782	0.647927047579218
0.483442391354240	0.516557608645760
0.432354276213451	0.567645723786549
0.379644316147557	0.620355683852443
0.374778781372244	0.625221218627756
0.460736562402778	0.539263437597222
0.529664971719717	0.470335028280283
0.691849464230159	0.308150535769841
0.718609905494382	0.281390094505618
0.236921962738368	0.763078037261632
0.323690666231455	0.676309333768545
0.626164744763430	0.373835255236570
0.377211548759901	0.622788451240099
0.417757671887511	0.582242328112489
0.700769611318233	0.299230388681767
0.409648447261989	0.590351552738011
0.300173914817440	0.699826085182560
0.326123433619111	0.673876566380889
0.391808153085840	0.608191846914160
0.243409342438786	0.756590657561214
0.257195024302173	0.742804975697827
0.294497457579575	0.705502542420425
0.394240920473497	0.605759079526503
0.495606228292524	0.504393771707476
0.301795759742545	0.698204240257455
0.564534637609462	0.435465362390538
0.299362992354888	0.700637007645112
0.253951334451964	0.746048665548036
0.365858634284170	0.634141365715830
0.319636053918694	0.680363946081306
0.336665425632290	0.663334574367710
0.640761349089370	0.359238650910630
0.251518567064308	0.748481432935692
0.241787497513681	0.758212502486319
0.351262029958230	0.648737970041770
0.295308380042127	0.704691619957873
0.341530960407603	0.658469039592397
0.264493326465143	0.735506673534857
0.333421735782081	0.666578264217919
0.652925186027653	0.347074813972347
0.715366215644173	0.284633784355827
0.797269384361947	0.202730615638053
0.421001361737720	0.578998638262280
0.400728300173915	0.599271699826085
0.250707644601755	0.749292355398244
0.310715906830619	0.689284093169381
0.306661294517858	0.693338705482142
0.575076629622641	0.424923370377359
0.350451107495678	0.649548892504322
0.511013755081016	0.488986244918984
0.254762256914517	0.745237743085484
0.817542445925752	0.182457554074248
0.519122979706538	0.480877020293462
