0.404 0.596
0.315 0.685
0.333 0.667
0.36 0.64
0.35 0.65
0.549 0.451
0.584 0.416
0.606 0.394
0.337 0.663
0.461 0.539
0.265 0.735
0.423 0.577
0.456 0.544
0.182 0.818
0.348 0.652
0.233 0.767
0.402 0.598
0.379 0.621
0.55 0.45
0.371 0.629
0.297 0.703
0.313 0.687
0.393 0.607
0.311 0.689
0.32 0.68
0.418 0.582
0.183 0.817
0.24 0.76
0.257 0.743
0.451 0.549
0.318 0.682
0.388 0.612
0.455 0.545
0.336 0.664
0.326 0.674
0.306 0.694
0.187 0.813
0.385 0.615
0.221 0.779
0.403 0.597
0.561 0.439
0.267 0.733
0.27 0.73
0.388 0.612
0.279 0.721
0.407 0.593
0.362 0.638
0.335 0.665
0.233 0.767
0.239 0.761
0.566 0.434
0.298 0.702
0.419 0.581
0.381 0.619
0.483 0.517
0.306 0.694
0.522 0.478
0.27 0.73
0.247 0.753
0.252 0.748
0.332 0.668
0.449 0.551
0.408 0.592
0.524 0.476
0.273 0.727
0.294 0.706
0.366 0.634
0.363 0.637
0.343 0.657
0.33 0.67
0.431 0.569
0.35 0.65
0.281 0.719
0.42 0.58
0.36 0.64
0.415 0.585
0.425 0.575
0.482 0.518
0.439 0.561
0.35 0.65
0.369 0.631
0.425 0.575
0.264 0.736
0.309 0.691
0.327 0.673
0.285 0.715
0.317 0.683
0.288 0.712
0.276 0.724
0.413 0.587
0.343 0.657
0.31 0.69
0.308 0.692
0.557 0.443
0.437 0.563
0.281 0.719
0.245 0.755
0.431 0.569
0.39 0.61
0.696 0.304
0.629 0.371
0.448 0.552
0.562 0.438
0.573 0.427
0.612 0.388
0.576 0.424
0.572 0.428
0.575 0.425
0.403 0.597
0.546 0.454
0.354 0.646
0.377 0.623
0.524 0.476
0.627 0.373
0.298 0.702
0.732 0.268
0.606 0.394
0.668 0.332
0.716 0.284
0.539 0.461
0.422 0.578
0.499 0.501
0.507 0.493
0.537 0.463
0.628 0.372
0.559 0.441
0.602 0.398
0.51 0.49
0.67 0.33
0.711 0.289
0.674 0.326
0.606 0.394
0.599 0.401
0.639 0.361
0.456 0.544
0.556 0.444
0.619 0.381
0.647 0.353
0.722 0.278
0.478 0.522
0.667 0.333
0.788 0.212
0.533 0.467
0.452 0.548
0.604 0.396
0.596 0.404
0.429 0.571
0.509 0.491
0.633 0.367
0.422 0.578
0.466 0.534
0.581 0.419
0.635 0.365
0.46 0.54
0.598 0.402
0.693 0.307
0.431 0.569
0.482 0.518
0.425 0.575
0.687 0.313
0.741 0.259
0.414 0.586
0.783 0.217
0.48 0.52
0.491 0.509
0.515 0.485
0.77 0.23
0.359 0.641
0.517 0.483
0.742 0.258
0.524 0.476
0.527 0.473
0.351 0.649
0.666 0.334
0.727 0.273
0.345 0.655
0.702 0.298
0.672 0.328
0.274 0.726
0.475 0.525
0.446 0.554
0.483 0.517
0.532 0.468
0.44 0.56
0.363 0.637
0.614 0.386
0.431 0.569
0.616 0.384
0.423 0.577
0.629 0.371
0.555 0.445
0.737 0.263
0.739 0.261
0.752 0.248
0.558 0.442
0.661 0.339
0.528 0.472
0.556 0.444
0.659 0.341
0.378 0.622
0.51 0.49
0.682 0.318
0.433 0.567
0.493 0.507
0.478 0.522
0.528 0.472
0.534 0.466
0.57 0.43
0.774 0.226
0.422 0.578
0.557 0.443
0.489 0.511
0.46 0.54
0.681 0.319
0.469 0.531
0.693 0.307
0.478 0.522
0.381 0.619
0.591 0.409
0.685 0.315
0.46 0.54
0.657 0.343
0.561 0.439
0.505 0.495
0.62 0.38
0.478 0.522
0.502 0.498
0.615 0.385
0.666 0.334
0.393 0.607
0.603 0.397
0.69 0.31
0.668 0.332
0.513 0.487
0.47 0.53
0.448 0.552
0.574 0.426
0.561 0.439
0.668 0.332
0.514 0.486
0.619 0.381
0.401 0.599
0.473 0.527
0.742 0.258
0.622 0.378
0.599 0.401
0.601 0.399
0.472 0.528
0.674 0.326
0.411 0.589
0.726 0.274
0.564 0.436
0.421 0.579
0.541 0.459
0.646 0.354
0.63 0.37
0.568 0.432
0.584 0.416
0.613 0.387
0.383 0.617
0.696 0.304
0.726 0.274
0.622 0.378
0.581 0.419
0.434 0.566
0.411 0.589
0.771 0.229
0.717 0.283
0.607 0.393
0.709 0.291
0.418 0.582
0.634 0.366
0.543 0.457
0.569 0.431
0.621 0.379
0.52 0.48
0.66 0.34
0.552 0.448
0.427 0.573
0.503 0.497
0.482 0.518
0.592 0.408
0.652 0.348
0.281 0.719
0.634 0.366
0.613 0.387
0.506 0.494
0.688 0.312
0.62 0.38
0.538 0.462
0.661 0.339
0.739 0.261
0.732 0.268
0.642 0.358
0.53 0.47
0.632 0.368
0.542 0.458
0.578 0.422
0.592 0.408
0.514 0.486
0.73 0.27
0.643 0.357
0.437 0.563
0.474 0.526
0.375 0.625
0.503 0.497
0.573 0.427
0.663 0.337
0.604 0.396
0.646 0.354
0.506 0.494
0.504 0.496
0.521 0.479
