0.735062344629715	0.264937655370285
0.172634195710061	0.827365804289939
0.118734831438594	0.881265168561406
0.111704479577098	0.888295520422902
0.0109361028956599	0.989063897104340
0.103892977508770	0.896107022491230
0.663977675807926	0.336022324192074
0.332769988110796	0.667230011889204
0.128108633920588	0.871891366079412
0.0187476049639885	0.981252395036011
0.0632731667534611	0.936726833246539
0.473377025340709	0.526622974659291
0.00937380248199424	0.990626197518006
0.0679600679944583	0.932039932005542
0.325739636249300	0.674260363750700
0.151543140125574	0.848456859874426
0.414790759828245	0.585209240171755
0.179664547571556	0.820335452428444
0.196068701915046	0.803931298084954
0.0968626256472738	0.903137374352726
0.188257199846718	0.811742800153282
0.0968626256472738	0.903137374352726
0.178883397364723	0.821116602635277
0.253873817220677	0.746126182779323
0.428070313344404	0.571929686655596
0.0226533559981528	0.977346644001847
0.479626226995372	0.520373773004628
0.153886590746072	0.846113409253928
0.561646998712822	0.438353001287178
0.190600650467216	0.809399349532784
0.305429730871646	0.694570269128354
0.106236428129268	0.893763571870732
0.331207687697130	0.668792312302870
0.148418539298242	0.851581460701758
0.628044766293614	0.371955233706386
0.183570298605721	0.816429701394279
0.0101549526888271	0.989845047311173
0.298399379010150	0.701600620989850
0.0906134239926110	0.909386576007389
0.576488852642646	0.423511147357354
0.335894588938127	0.664105411061873
0.0	1.00000000000000
0.296837078596484	0.703162921403516
0.0788961708901182	0.921103829109882
0.644448920637104	0.355551079362896
0.400730056105254	0.599269943894746
0.316365833767306	0.683634166232694
0.0734281194422882	0.926571880557712
0.571801951401649	0.428198048598351
0.0406198107553084	0.959380189244692
0.323396185628801	0.676603814371199
0.324177335835634	0.675822664164366
0.0429632613758069	0.957036738624193
0.204661354190208	0.795338645809792
0.373389798866104	0.626610201133896
0.0742092696491211	0.925790730350879
0.133576685368418	0.866423314631582
0.155448891159738	0.844551108840262
0.120297131852259	0.879702868147741
0.0929568746131096	0.907043125386890
0.0351517593074784	0.964848240692522
0.0257779568254842	0.974222043174516
0.0429632613758069	0.957036738624193
0.399167755691588	0.600832244308412
0.0679600679944583	0.932039932005542
0.200755603156043	0.799244396843957
0.471814724927044	0.528185275072957
0.110923329370265	0.889076670629735
0.237469662877187	0.762530337122812
0.188257199846718	0.811742800153282
0.137482436402582	0.862517563597418
0.132795535161585	0.867204464838415
0.215597457085868	0.784402542914132
0.281995224666660	0.718004775333340
0.438225266033231	0.561774733966769
0.464003222858715	0.535996777141285
0.0	1.00000000000000
0.0835830721311153	0.916416927868885
0.374952099279770	0.625047900720230
0.135138985782084	0.864861014217916
0.174196496123726	0.825803503876274
0.446817918308392	0.553182081691608
0.166384994055398	0.833615005944602
0.0609297161329626	0.939070283867037
0.0859265227516139	0.914073477248386
0.149199689505075	0.850800310494925
0.00624920165466283	0.993750798345337
0.0195287551708213	0.980471244829179
0.0554616646851326	0.944538335314867
0.151543140125574	0.848456859874426
0.249186915979680	0.750813084020320
0.0624920165466283	0.937507983453372
0.315584683560473	0.684415316439527
0.0601485659261297	0.939851434073870
0.0164041543434899	0.983595845656510
0.124202882886424	0.875797117113576
0.0796773210969511	0.920322678903049
0.0960814754404410	0.903918524559559
0.389012803002761	0.610987196997239
0.0140607037229914	0.985939296277009
0.00468690124099712	0.995313098759003
0.110142179163432	0.889857820836568
0.0562428148919655	0.943757185108035
0.100768376681438	0.899231623318562
0.0265591070323170	0.973440892967683
0.0929568746131096	0.907043125386890
0.400730056105254	0.599269943894746
0.460878622031384	0.539121377968616
0.539774792921502	0.460225207078498
0.177321096951058	0.822678903048942
0.157792341780236	0.842207658219764
0.0132795535161585	0.986720446483841
0.0710846688217897	0.928915331178210
0.0671789177876254	0.932821082212375
0.325739636249300	0.674260363750700
0.109361028956599	0.890638971043401
0.264028769909504	0.735971230090496
0.0171853045503228	0.982814695449677
0.559303548092323	0.440696451907677
0.271840271977833	0.728159728022167
