0.053000 0.020000
0.947000 0.980000
0.616000 0.754000
0.227000 0.081000
0.158000 0.165000
0.851000 0.791000
0.149000 0.209000
0.980000 0.999000
0.020000 0.001000
0.861000 0.933000
0.139000 0.067000
0.144000 0.124000
0.856000 0.876000
0.398000 0.331000
0.432000 0.486000
0.170000 0.183000
0.970000 0.981000
0.030000 0.019000
0.913000 0.953000
0.087000 0.047000
0.370000 0.445000
0.612000 0.551000
0.018000 0.004000
0.907000 0.946000
0.093000 0.054000
0.577000 0.566000
0.423000 0.434000
0.263000 0.183000
0.200000 0.204000
0.537000 0.613000
0.764000 0.821000
0.236000 0.179000
0.743000 0.706000
0.257000 0.294000
0.623000 0.712000
0.130000 0.057000
0.247000 0.231000
0.870000 0.921000
0.130000 0.079000
0.765000 0.828000
0.235000 0.172000
0.116000 0.108000
0.331000 0.490000
0.554000 0.402000
0.345000 0.379000
0.035000 0.020000
0.620000 0.601000
0.797000 0.959000
0.203000 0.041000
0.275000 0.216000
0.725000 0.784000
0.353000 0.325000
0.250000 0.220000
0.397000 0.455000
0.858000 0.883000
0.142000 0.117000
0.374000 0.494000
0.430000 0.268000
0.196000 0.238000
0.190000 0.183000
0.810000 0.817000
0.740000 0.778000
0.241000 0.220000
0.019000 0.003000
0.612000 0.639000
0.388000 0.361000
0.878000 0.961000
0.122000 0.039000
0.256000 0.738000
0.744000 0.262000
0.564000 0.515000
0.436000 0.485000
0.994000 1.000000
0.006000 0.000000
0.507000 0.612000
0.386000 0.246000
0.107000 0.142000
0.169000 0.059000
0.831000 0.941000
0.481000 0.338000
0.519000 0.662000
0.488000 0.606000
0.411000 0.365000
0.100000 0.029000
0.262000 0.193000
0.738000 0.807000
0.942000 0.994000
0.058000 0.006000
0.580000 0.381000
0.420000 0.619000
0.579000 0.576000
0.421000 0.424000
0.671000 0.671000
0.061000 0.087000
0.268000 0.242000
0.415000 0.454000
0.484000 0.469000
0.101000 0.077000
0.823000 0.810000
0.177000 0.190000
0.795000 0.870000
0.205000 0.130000
0.714000 0.797000
0.160000 0.171000
0.125000 0.031000
0.949000 0.989000
0.051000 0.011000
0.961000 0.939000
0.039000 0.061000
0.939000 0.968000
0.061000 0.032000
0.483000 0.421000
0.517000 0.579000
0.907000 0.898000
0.093000 0.102000
0.737000 0.823000
0.263000 0.177000
0.390000 0.297000
0.610000 0.703000
0.852000 0.298000
0.148000 0.702000
0.690000 0.672000
0.310000 0.328000
0.753000 0.757000
0.247000 0.243000
0.642000 0.620000
0.182000 0.260000
0.176000 0.120000
0.718000 0.772000
0.282000 0.228000
0.633000 0.695000
0.367000 0.305000
0.433000 0.529000
0.567000 0.471000
0.394000 0.532000
0.600000 0.467000
0.006000 0.000000
0.887000 0.978000
0.113000 0.022000
0.335000 0.301000
0.486000 0.604000
0.179000 0.095000
0.771000 0.598000
0.229000 0.402000
0.422000 0.550000
0.578000 0.450000
0.781000 0.875000
0.219000 0.125000
0.916000 0.953000
0.084000 0.047000
0.688000 0.590000
0.116000 0.276000
0.197000 0.133000
0.986000 0.999000
0.014000 0.001000
0.969000 0.994000
0.031000 0.006000
0.923000 0.986000
0.077000 0.014000
0.800000 0.785000
0.200000 0.215000
0.589000 0.612000
0.325000 0.331000
0.086000 0.057000
0.507000 0.779000
0.410000 0.214000
0.083000 0.007000
0.973000 0.995000
0.027000 0.005000
0.835000 0.933000
0.165000 0.067000
0.892000 0.942000
0.108000 0.058000
0.871000 0.968000
0.129000 0.032000
0.473000 0.493000
0.504000 0.503000
0.024000 0.004000
0.988000 0.999000
0.012000 0.001000
0.775000 0.742000
0.147000 0.236000
0.078000 0.023000
0.865000 0.958000
0.135000 0.042000
0.960000 0.966000
0.040000 0.034000
0.875000 0.977000
0.125000 0.023000
0.481000 0.411000
0.519000 0.589000
0.404000 0.386000
0.596000 0.614000
0.303000 0.448000
0.697000 0.552000
0.559000 0.534000
0.233000 0.272000
0.208000 0.193000
0.977000 0.999000
0.023000 0.001000
0.903000 0.941000
0.097000 0.059000
0.908000 0.964000
0.092000 0.036000
0.577000 0.589000
0.423000 0.411000
0.854000 0.894000
0.146000 0.106000
0.656000 0.716000
0.344000 0.284000
0.972000 0.998000
0.028000 0.002000
0.278000 0.448000
0.722000 0.552000
0.646000 0.775000
0.354000 0.225000
