

----------------------------------------------------
STRUCTURE by Pritchard, Stephens and Donnelly (2000)
     and Falush, Stephens and Pritchard (2003)
       Code by Pritchard, Falush and Hubisz
             Version 2.3.4 (Jul 2012)
----------------------------------------------------



Command line arguments:   ./structure -i /home/ch1158/Ergebnisse_STRUCTURE/Gruppe_Testen/CEU_IBS_TS_Enhanced_corr -o /home/ch1158/Ergebnisse_STRUCTURE/Gruppe_Testen/CEU_IBS_TSI_enhanced_corr_K3 
Input File:    /home/ch1158/Ergebnisse_STRUCTURE/Gruppe_Testen/CEU_IBS_TS_Enhanced_corr

Run parameters:
   313 individuals
   100 loci
   3 populations assumed
   10000 Burn-in period
   20000 Reps


--------------------------------------------
Proportion of membership of each pre-defined
 population in each of the 3 clusters

Given    Inferred Clusters       Number of
 Pop       1      2      3      Individuals

  0:     0.338  0.330  0.332      313
--------------------------------------------

Allele-freq. divergence among pops (Net nucleotide distance),
computed using point estimates of P.

      1       2       3      
 1      -    0.0113  0.0106  
 2   0.0113     -    0.0000  
 3   0.0106  0.0000     -    

Average distances (expected heterozygosity) between individuals in same cluster:
cluster  1  : 0.2882 
cluster  2  : 0.3243 
cluster  3  : 0.3281 

--------------------------------------------
Estimated Ln Prob of Data   = -32003.4
Mean value of ln likelihood = -31298.2
Variance of ln likelihood   = 1410.4
Mean value of alpha         = 1.0710

Mean value of Fst_1         = 0.1097
Mean value of Fst_2         = 0.0106
Mean value of Fst_3         = 0.0015


Inferred ancestry of individuals:
        Label (%Miss) Pop:  Inferred clusters
  1        1    (0)    0 :  0.447 0.270 0.284 
  2        2    (0)    0 :  0.564 0.222 0.214 
  3        3    (0)    0 :  0.531 0.243 0.227 
  4        4    (0)    0 :  0.544 0.233 0.223 
  5        5    (0)    0 :  0.501 0.252 0.247 
  6        6    (0)    0 :  0.303 0.311 0.386 
  7        7    (0)    0 :  0.216 0.400 0.384 
  8        8    (0)    0 :  0.212 0.416 0.372 
  9        9    (0)    0 :  0.563 0.209 0.228 
 10       10    (0)    0 :  0.416 0.269 0.315 
 11       11    (0)    0 :  0.680 0.151 0.169 
 12       12    (0)    0 :  0.437 0.255 0.308 
 13       13    (0)    0 :  0.355 0.345 0.300 
 14       14    (0)    0 :  0.777 0.110 0.113 
 15       15    (0)    0 :  0.499 0.241 0.260 
 16       16    (0)    0 :  0.711 0.141 0.148 
 17       17    (0)    0 :  0.485 0.236 0.280 
 18       18    (0)    0 :  0.487 0.251 0.262 
 19       19    (0)    0 :  0.300 0.330 0.369 
 20       20    (0)    0 :  0.476 0.273 0.251 
 21       21    (0)    0 :  0.632 0.186 0.182 
 22       22    (0)    0 :  0.627 0.182 0.191 
 23       23    (0)    0 :  0.467 0.265 0.268 
 24       24    (0)    0 :  0.595 0.204 0.201 
 25       25    (0)    0 :  0.606 0.186 0.209 
 26       26    (0)    0 :  0.473 0.259 0.268 
 27       27    (0)    0 :  0.759 0.124 0.117 
 28       28    (0)    0 :  0.680 0.162 0.157 
 29       29    (0)    0 :  0.651 0.179 0.170 
 30       30    (0)    0 :  0.375 0.305 0.320 
 31       31    (0)    0 :  0.592 0.196 0.212 
 32       32    (0)    0 :  0.456 0.294 0.250 
 33       33    (0)    0 :  0.332 0.339 0.330 
 34       34    (0)    0 :  0.576 0.213 0.211 
 35       35    (0)    0 :  0.560 0.222 0.218 
 36       36    (0)    0 :  0.535 0.246 0.219 
 37       37    (0)    0 :  0.773 0.110 0.117 
 38       38    (0)    0 :  0.500 0.234 0.266 
 39       39    (0)    0 :  0.704 0.148 0.148 
 40       40    (0)    0 :  0.402 0.313 0.285 
 41       41    (0)    0 :  0.285 0.327 0.388 
 42       42    (0)    0 :  0.663 0.165 0.171 
 43       43    (0)    0 :  0.656 0.168 0.176 
 44       44    (0)    0 :  0.453 0.259 0.288 
 45       45    (0)    0 :  0.601 0.207 0.192 
 46       46    (0)    0 :  0.514 0.226 0.260 
 47       47    (0)    0 :  0.503 0.250 0.247 
 48       48    (0)    0 :  0.526 0.233 0.241 
 49       49    (0)    0 :  0.734 0.127 0.139 
 50       50    (0)    0 :  0.690 0.158 0.152 
 51       51    (0)    0 :  0.262 0.319 0.418 
 52       52    (0)    0 :  0.573 0.202 0.225 
 53       53    (0)    0 :  0.389 0.297 0.314 
 54       54    (0)    0 :  0.504 0.229 0.268 
 55       55    (0)    0 :  0.348 0.301 0.351 
 56       56    (0)    0 :  0.606 0.190 0.204 
 57       57    (0)    0 :  0.272 0.368 0.360 
 58       58    (0)    0 :  0.652 0.167 0.181 
 59       59    (0)    0 :  0.675 0.160 0.165 
 60       60    (0)    0 :  0.695 0.147 0.158 
 61       61    (0)    0 :  0.541 0.220 0.239 
 62       62    (0)    0 :  0.339 0.352 0.308 
 63       63    (0)    0 :  0.428 0.283 0.289 
 64       64    (0)    0 :  0.285 0.381 0.334 
 65       65    (0)    0 :  0.608 0.197 0.195 
 66       66    (0)    0 :  0.572 0.219 0.210 
 67       67    (0)    0 :  0.482 0.248 0.270 
 68       68    (0)    0 :  0.473 0.258 0.269 
 69       69    (0)    0 :  0.522 0.231 0.248 
 70       70    (0)    0 :  0.578 0.199 0.223 
 71       71    (0)    0 :  0.380 0.316 0.304 
 72       72    (0)    0 :  0.469 0.278 0.253 
 73       73    (0)    0 :  0.627 0.185 0.188 
 74       74    (0)    0 :  0.398 0.276 0.326 
 75       75    (0)    0 :  0.496 0.253 0.251 
 76       76    (0)    0 :  0.430 0.302 0.267 
 77       77    (0)    0 :  0.449 0.256 0.295 
 78       78    (0)    0 :  0.307 0.373 0.321 
 79       79    (0)    0 :  0.396 0.300 0.304 
 80       80    (0)    0 :  0.540 0.235 0.225 
 81       81    (0)    0 :  0.540 0.211 0.248 
 82       82    (0)    0 :  0.470 0.248 0.282 
 83       83    (0)    0 :  0.666 0.169 0.166 
 84       84    (0)    0 :  0.596 0.195 0.209 
 85       85    (0)    0 :  0.565 0.212 0.222 
 86       86    (0)    0 :  0.648 0.170 0.181 
 87       87    (0)    0 :  0.591 0.199 0.210 
 88       88    (0)    0 :  0.628 0.176 0.196 
 89       89    (0)    0 :  0.631 0.183 0.186 
 90       90    (0)    0 :  0.408 0.298 0.294 
 91       91    (0)    0 :  0.541 0.231 0.229 
 92       92    (0)    0 :  0.591 0.206 0.203 
 93       93    (0)    0 :  0.525 0.250 0.225 
 94       94    (0)    0 :  0.257 0.327 0.417 
 95       95    (0)    0 :  0.353 0.329 0.318 
 96       96    (0)    0 :  0.612 0.199 0.189 
 97       97    (0)    0 :  0.657 0.169 0.173 
 98       98    (0)    0 :  0.445 0.261 0.294 
 99       99    (0)    0 :  0.466 0.266 0.268 
100      100    (0)    0 :  0.150 0.421 0.429 
101      101    (0)    0 :  0.184 0.450 0.366 
102      102    (0)    0 :  0.336 0.327 0.337 
103      103    (0)    0 :  0.259 0.330 0.411 
104      104    (0)    0 :  0.235 0.363 0.402 
105      105    (0)    0 :  0.218 0.381 0.401 
106      106    (0)    0 :  0.255 0.326 0.418 
107      107    (0)    0 :  0.219 0.387 0.394 
108      108    (0)    0 :  0.218 0.425 0.357 
109      109    (0)    0 :  0.426 0.278 0.296 
110      110    (0)    0 :  0.253 0.381 0.366 
111      111    (0)    0 :  0.535 0.219 0.245 
112      112    (0)    0 :  0.483 0.259 0.257 
113      113    (0)    0 :  0.279 0.364 0.357 
114      114    (0)    0 :  0.191 0.438 0.371 
115      115    (0)    0 :  0.573 0.212 0.215 
116      116    (0)    0 :  0.115 0.436 0.448 
117      117    (0)    0 :  0.221 0.365 0.414 
118      118    (0)    0 :  0.165 0.385 0.450 
119      119    (0)    0 :  0.152 0.424 0.424 
120      120    (0)    0 :  0.301 0.338 0.361 
121      121    (0)    0 :  0.377 0.301 0.321 
122      122    (0)    0 :  0.329 0.331 0.340 
123      123    (0)    0 :  0.273 0.372 0.354 
124      124    (0)    0 :  0.288 0.332 0.381 
125      125    (0)    0 :  0.202 0.389 0.409 
126      126    (0)    0 :  0.227 0.433 0.340 
127      127    (0)    0 :  0.195 0.445 0.360 
128      128    (0)    0 :  0.319 0.292 0.389 
129      129    (0)    0 :  0.195 0.356 0.449 
130      130    (0)    0 :  0.132 0.449 0.419 
131      131    (0)    0 :  0.165 0.337 0.498 
132      132    (0)    0 :  0.216 0.388 0.397 
133      133    (0)    0 :  0.227 0.349 0.424 
134      134    (0)    0 :  0.171 0.395 0.434 
135      135    (0)    0 :  0.417 0.273 0.310 
136      136    (0)    0 :  0.273 0.371 0.356 
137      137    (0)    0 :  0.195 0.421 0.384 
138      138    (0)    0 :  0.202 0.350 0.448 
139      139    (0)    0 :  0.122 0.430 0.448 
140      140    (0)    0 :  0.306 0.327 0.367 
141      141    (0)    0 :  0.161 0.417 0.421 
142      142    (0)    0 :  0.096 0.498 0.407 
143      143    (0)    0 :  0.279 0.353 0.368 
144      144    (0)    0 :  0.349 0.325 0.326 
145      145    (0)    0 :  0.193 0.405 0.402 
146      146    (0)    0 :  0.244 0.357 0.399 
147      147    (0)    0 :  0.411 0.274 0.315 
148      148    (0)    0 :  0.288 0.380 0.332 
149      149    (0)    0 :  0.200 0.372 0.429 
150      150    (0)    0 :  0.395 0.292 0.312 
151      151    (0)    0 :  0.323 0.342 0.335 
152      152    (0)    0 :  0.224 0.410 0.366 
153      153    (0)    0 :  0.199 0.392 0.409 
154      154    (0)    0 :  0.383 0.303 0.314 
155      155    (0)    0 :  0.186 0.401 0.413 
156      156    (0)    0 :  0.163 0.400 0.437 
157      157    (0)    0 :  0.420 0.289 0.291 
158      158    (0)    0 :  0.334 0.303 0.363 
159      159    (0)    0 :  0.468 0.264 0.268 
160      160    (0)    0 :  0.177 0.346 0.478 
161      161    (0)    0 :  0.122 0.374 0.504 
162      162    (0)    0 :  0.412 0.283 0.305 
163      163    (0)    0 :  0.102 0.444 0.455 
164      164    (0)    0 :  0.348 0.313 0.340 
165      165    (0)    0 :  0.368 0.305 0.327 
166      166    (0)    0 :  0.337 0.301 0.363 
167      167    (0)    0 :  0.101 0.415 0.483 
168      168    (0)    0 :  0.500 0.230 0.269 
169      169    (0)    0 :  0.337 0.293 0.370 
170      170    (0)    0 :  0.114 0.431 0.455 
171      171    (0)    0 :  0.277 0.372 0.351 
172      172    (0)    0 :  0.334 0.318 0.347 
173      173    (0)    0 :  0.490 0.255 0.255 
174      174    (0)    0 :  0.180 0.389 0.431 
175      175    (0)    0 :  0.140 0.437 0.422 
176      176    (0)    0 :  0.510 0.251 0.238 
177      177    (0)    0 :  0.141 0.427 0.432 
178      178    (0)    0 :  0.165 0.440 0.396 
179      179    (0)    0 :  0.640 0.180 0.180 
180      180    (0)    0 :  0.301 0.371 0.328 
181      181    (0)    0 :  0.377 0.304 0.319 
182      182    (0)    0 :  0.315 0.323 0.363 
183      183    (0)    0 :  0.287 0.373 0.340 
184      184    (0)    0 :  0.374 0.310 0.317 
185      185    (0)    0 :  0.545 0.211 0.244 
186      186    (0)    0 :  0.194 0.401 0.404 
187      187    (0)    0 :  0.381 0.295 0.324 
188      188    (0)    0 :  0.188 0.429 0.382 
189      189    (0)    0 :  0.426 0.289 0.285 
190      190    (0)    0 :  0.204 0.328 0.468 
191      191    (0)    0 :  0.266 0.341 0.393 
192      192    (0)    0 :  0.126 0.434 0.440 
193      193    (0)    0 :  0.125 0.444 0.431 
194      194    (0)    0 :  0.109 0.462 0.429 
195      195    (0)    0 :  0.263 0.336 0.401 
196      196    (0)    0 :  0.173 0.424 0.403 
197      197    (0)    0 :  0.274 0.359 0.367 
198      198    (0)    0 :  0.247 0.359 0.395 
199      199    (0)    0 :  0.157 0.410 0.433 
200      200    (0)    0 :  0.506 0.238 0.255 
201      201    (0)    0 :  0.309 0.339 0.352 
202      202    (0)    0 :  0.137 0.455 0.409 
203      203    (0)    0 :  0.397 0.283 0.321 
204      204    (0)    0 :  0.318 0.358 0.324 
205      205    (0)    0 :  0.359 0.293 0.348 
206      206    (0)    0 :  0.275 0.317 0.408 
207      207    (0)    0 :  0.275 0.390 0.336 
208      208    (0)    0 :  0.233 0.382 0.386 
209      209    (0)    0 :  0.107 0.436 0.457 
210      210    (0)    0 :  0.359 0.348 0.294 
211      211    (0)    0 :  0.241 0.406 0.353 
212      212    (0)    0 :  0.353 0.311 0.336 
213      213    (0)    0 :  0.333 0.337 0.330 
214      214    (0)    0 :  0.149 0.395 0.456 
215      215    (0)    0 :  0.339 0.333 0.327 
216      216    (0)    0 :  0.164 0.367 0.469 
217      217    (0)    0 :  0.287 0.344 0.369 
218      218    (0)    0 :  0.474 0.268 0.258 
219      219    (0)    0 :  0.201 0.398 0.401 
220      220    (0)    0 :  0.159 0.470 0.371 
221      221    (0)    0 :  0.274 0.385 0.341 
222      222    (0)    0 :  0.148 0.446 0.406 
223      223    (0)    0 :  0.239 0.388 0.373 
224      224    (0)    0 :  0.228 0.449 0.323 
225      225    (0)    0 :  0.228 0.370 0.403 
226      226    (0)    0 :  0.304 0.370 0.327 
227      227    (0)    0 :  0.265 0.340 0.395 
228      228    (0)    0 :  0.194 0.404 0.402 
229      229    (0)    0 :  0.168 0.430 0.401 
230      230    (0)    0 :  0.390 0.330 0.281 
231      231    (0)    0 :  0.173 0.403 0.424 
232      232    (0)    0 :  0.167 0.414 0.419 
233      233    (0)    0 :  0.163 0.405 0.432 
234      234    (0)    0 :  0.264 0.367 0.369 
235      235    (0)    0 :  0.356 0.331 0.313 
236      236    (0)    0 :  0.351 0.352 0.297 
237      237    (0)    0 :  0.243 0.393 0.364 
238      238    (0)    0 :  0.253 0.372 0.375 
239      239    (0)    0 :  0.172 0.433 0.394 
240      240    (0)    0 :  0.268 0.400 0.332 
241      241    (0)    0 :  0.172 0.458 0.370 
242      242    (0)    0 :  0.410 0.313 0.277 
243      243    (0)    0 :  0.256 0.391 0.353 
244      244    (0)    0 :  0.119 0.428 0.453 
245      245    (0)    0 :  0.175 0.420 0.405 
246      246    (0)    0 :  0.210 0.381 0.409 
247      247    (0)    0 :  0.216 0.411 0.373 
248      248    (0)    0 :  0.388 0.285 0.327 
249      249    (0)    0 :  0.150 0.486 0.364 
250      250    (0)    0 :  0.383 0.315 0.302 
251      251    (0)    0 :  0.115 0.453 0.433 
252      252    (0)    0 :  0.234 0.418 0.348 
253      253    (0)    0 :  0.329 0.350 0.320 
254      254    (0)    0 :  0.258 0.375 0.367 
255      255    (0)    0 :  0.179 0.414 0.407 
256      256    (0)    0 :  0.172 0.414 0.414 
257      257    (0)    0 :  0.231 0.406 0.363 
258      258    (0)    0 :  0.194 0.442 0.363 
259      259    (0)    0 :  0.186 0.441 0.373 
260      260    (0)    0 :  0.446 0.283 0.271 
261      261    (0)    0 :  0.147 0.374 0.479 
262      262    (0)    0 :  0.128 0.458 0.413 
263      263    (0)    0 :  0.196 0.366 0.437 
264      264    (0)    0 :  0.232 0.388 0.380 
265      265    (0)    0 :  0.330 0.350 0.320 
266      266    (0)    0 :  0.319 0.363 0.317 
267      267    (0)    0 :  0.101 0.445 0.454 
268      268    (0)    0 :  0.124 0.418 0.458 
269      269    (0)    0 :  0.199 0.407 0.394 
270      270    (0)    0 :  0.124 0.477 0.399 
271      271    (0)    0 :  0.360 0.326 0.314 
272      272    (0)    0 :  0.166 0.422 0.412 
273      273    (0)    0 :  0.239 0.371 0.390 
274      274    (0)    0 :  0.216 0.394 0.390 
275      275    (0)    0 :  0.176 0.463 0.361 
276      276    (0)    0 :  0.258 0.362 0.380 
277      277    (0)    0 :  0.156 0.431 0.413 
278      278    (0)    0 :  0.242 0.396 0.362 
279      279    (0)    0 :  0.358 0.328 0.313 
280      280    (0)    0 :  0.335 0.338 0.327 
281      281    (0)    0 :  0.267 0.377 0.356 
282      282    (0)    0 :  0.205 0.427 0.368 
283      283    (0)    0 :  0.164 0.448 0.388 
284      284    (0)    0 :  0.611 0.198 0.190 
285      285    (0)    0 :  0.174 0.420 0.406 
286      286    (0)    0 :  0.199 0.397 0.404 
287      287    (0)    0 :  0.264 0.374 0.361 
288      288    (0)    0 :  0.147 0.392 0.461 
289      289    (0)    0 :  0.180 0.423 0.397 
290      290    (0)    0 :  0.261 0.390 0.350 
291      291    (0)    0 :  0.169 0.446 0.385 
292      292    (0)    0 :  0.126 0.458 0.416 
293      293    (0)    0 :  0.118 0.445 0.437 
294      294    (0)    0 :  0.148 0.472 0.380 
295      295    (0)    0 :  0.259 0.414 0.327 
296      296    (0)    0 :  0.171 0.440 0.390 
297      297    (0)    0 :  0.232 0.406 0.362 
298      298    (0)    0 :  0.191 0.438 0.371 
299      299    (0)    0 :  0.222 0.363 0.414 
300      300    (0)    0 :  0.279 0.369 0.351 
301      301    (0)    0 :  0.123 0.466 0.411 
302      302    (0)    0 :  0.176 0.439 0.386 
303      303    (0)    0 :  0.358 0.321 0.321 
304      304    (0)    0 :  0.367 0.301 0.333 
305      305    (0)    0 :  0.478 0.264 0.259 
306      306    (0)    0 :  0.267 0.395 0.339 
307      307    (0)    0 :  0.247 0.373 0.380 
308      308    (0)    0 :  0.160 0.431 0.410 
309      309    (0)    0 :  0.211 0.395 0.394 
310      310    (0)    0 :  0.170 0.371 0.459 
311      311    (0)    0 :  0.289 0.361 0.350 
312      312    (0)    0 :  0.230 0.413 0.357 
313      313    (0)    0 :  0.221 0.409 0.370 


Estimated Allele Frequencies in each cluster
First column gives estimated ancestral frequencies


Locus 1 : 
2 alleles
0.0% missing data
   3   (0.047) 0.018 0.046 0.047 
   4   (0.953) 0.982 0.954 0.953 

Locus 2 : 
3 alleles
0.0% missing data
   1   (0.646) 0.762 0.648 0.646 
   3   (0.195) 0.067 0.197 0.197 
   4   (0.159) 0.172 0.155 0.158 

Locus 3 : 
2 alleles
0.0% missing data
   1   (0.842) 0.770 0.850 0.843 
   2   (0.158) 0.230 0.150 0.157 

Locus 4 : 
2 alleles
0.0% missing data
   4   (0.983) 0.999 0.986 0.984 
   3   (0.017) 0.001 0.014 0.016 

Locus 5 : 
2 alleles
0.0% missing data
   2   (0.877) 0.935 0.878 0.877 
   1   (0.123) 0.065 0.122 0.123 

Locus 6 : 
2 alleles
0.0% missing data
   1   (0.143) 0.127 0.134 0.142 
   3   (0.857) 0.873 0.866 0.858 

Locus 7 : 
3 alleles
0.0% missing data
   4   (0.379) 0.336 0.376 0.380 
   2   (0.448) 0.481 0.451 0.448 
   3   (0.173) 0.184 0.173 0.173 

Locus 8 : 
2 alleles
0.0% missing data
   3   (0.972) 0.978 0.977 0.973 
   4   (0.028) 0.022 0.023 0.027 

Locus 9 : 
2 alleles
0.0% missing data
   2   (0.917) 0.962 0.918 0.918 
   1   (0.083) 0.038 0.082 0.082 

Locus 10 : 
3 alleles
0.0% missing data
   4   (0.379) 0.466 0.374 0.379 
   2   (0.604) 0.528 0.614 0.605 
   1   (0.017) 0.006 0.013 0.016 

Locus 11 : 
2 alleles
0.0% missing data
   2   (0.916) 0.941 0.921 0.917 
   4   (0.084) 0.059 0.079 0.083 

Locus 12 : 
2 alleles
0.0% missing data
   1   (0.570) 0.574 0.571 0.570 
   2   (0.430) 0.426 0.429 0.430 

Locus 13 : 
3 alleles
0.0% missing data
   1   (0.245) 0.169 0.255 0.244 
   4   (0.205) 0.203 0.199 0.205 
   3   (0.550) 0.628 0.546 0.551 

Locus 14 : 
2 alleles
0.0% missing data
   4   (0.772) 0.831 0.776 0.772 
   3   (0.228) 0.169 0.224 0.228 

Locus 15 : 
2 alleles
0.0% missing data
   1   (0.729) 0.711 0.732 0.730 
   2   (0.271) 0.289 0.268 0.270 

Locus 16 : 
3 alleles
0.0% missing data
   3   (0.642) 0.710 0.652 0.641 
   1   (0.114) 0.054 0.112 0.114 
   2   (0.244) 0.236 0.236 0.244 

Locus 17 : 
2 alleles
0.0% missing data
   4   (0.878) 0.926 0.881 0.878 
   3   (0.122) 0.074 0.119 0.122 

Locus 18 : 
2 alleles
0.0% missing data
   3   (0.778) 0.831 0.780 0.778 
   4   (0.222) 0.169 0.220 0.222 

Locus 19 : 
3 alleles
0.0% missing data
   2   (0.117) 0.106 0.112 0.117 
   3   (0.359) 0.517 0.356 0.358 
   4   (0.524) 0.378 0.532 0.526 

Locus 20 : 
3 alleles
0.0% missing data
   4   (0.360) 0.370 0.356 0.360 
   1   (0.033) 0.022 0.027 0.033 
   2   (0.607) 0.608 0.616 0.607 

Locus 21 : 
2 alleles
0.0% missing data
   4   (0.836) 0.966 0.827 0.835 
   2   (0.164) 0.034 0.173 0.165 

Locus 22 : 
2 alleles
0.0% missing data
   4   (0.264) 0.218 0.256 0.264 
   3   (0.736) 0.782 0.744 0.736 

Locus 23 : 
3 alleles
0.0% missing data
   1   (0.345) 0.328 0.343 0.345 
   2   (0.250) 0.208 0.248 0.251 
   3   (0.405) 0.464 0.409 0.404 

Locus 24 : 
2 alleles
0.0% missing data
   3   (0.862) 0.884 0.866 0.863 
   4   (0.138) 0.116 0.134 0.137 

Locus 25 : 
3 alleles
0.0% missing data
   1   (0.401) 0.505 0.396 0.400 
   2   (0.396) 0.245 0.405 0.398 
   3   (0.203) 0.250 0.198 0.202 

Locus 26 : 
2 alleles
0.0% missing data
   1   (0.196) 0.171 0.193 0.195 
   2   (0.804) 0.829 0.807 0.805 

Locus 27 : 
3 alleles
0.0% missing data
   4   (0.742) 0.781 0.748 0.743 
   2   (0.241) 0.214 0.239 0.241 
   3   (0.017) 0.004 0.013 0.016 

Locus 28 : 
2 alleles
0.0% missing data
   2   (0.619) 0.635 0.622 0.619 
   1   (0.381) 0.365 0.378 0.381 

Locus 29 : 
2 alleles
0.0% missing data
   1   (0.898) 0.959 0.900 0.898 
   4   (0.102) 0.041 0.100 0.102 

Locus 30 : 
2 alleles
0.0% missing data
   2   (0.354) 0.792 0.341 0.350 
   1   (0.646) 0.208 0.659 0.650 

Locus 31 : 
2 alleles
0.0% missing data
   3   (0.553) 0.516 0.551 0.554 
   4   (0.447) 0.484 0.449 0.446 

Locus 32 : 
2 alleles
0.0% missing data
   1   (0.994) 1.000 0.997 0.994 
   2   (0.006) 0.000 0.003 0.006 

Locus 33 : 
3 alleles
0.0% missing data
   1   (0.532) 0.605 0.541 0.531 
   2   (0.355) 0.238 0.355 0.357 
   4   (0.113) 0.157 0.104 0.112 

Locus 34 : 
2 alleles
0.0% missing data
   1   (0.145) 0.059 0.140 0.146 
   3   (0.855) 0.941 0.860 0.854 

Locus 35 : 
2 alleles
0.0% missing data
   2   (0.454) 0.308 0.467 0.454 
   1   (0.546) 0.692 0.533 0.546 

Locus 36 : 
3 alleles
0.0% missing data
   2   (0.514) 0.609 0.519 0.513 
   1   (0.402) 0.364 0.397 0.403 
   4   (0.084) 0.027 0.084 0.084 

Locus 37 : 
2 alleles
0.0% missing data
   1   (0.250) 0.194 0.241 0.251 
   2   (0.750) 0.806 0.759 0.749 

Locus 38 : 
2 alleles
0.0% missing data
   2   (0.952) 0.993 0.957 0.952 
   4   (0.048) 0.007 0.043 0.048 

Locus 39 : 
2 alleles
0.0% missing data
   3   (0.531) 0.373 0.541 0.532 
   1   (0.469) 0.627 0.459 0.468 

Locus 40 : 
2 alleles
0.0% missing data
   2   (0.585) 0.567 0.581 0.586 
   4   (0.415) 0.433 0.419 0.414 

Locus 41 : 
1 alleles
0.0% missing data
   4   (1.000) 1.000 1.000 1.000 

Locus 42 : 
3 alleles
0.0% missing data
   1   (0.666) 0.668 0.679 0.667 
   3   (0.067) 0.095 0.061 0.065 
   4   (0.267) 0.237 0.260 0.267 

Locus 43 : 
3 alleles
0.0% missing data
   1   (0.422) 0.459 0.419 0.423 
   4   (0.478) 0.467 0.486 0.478 
   2   (0.100) 0.074 0.095 0.099 

Locus 44 : 
2 alleles
0.0% missing data
   2   (0.822) 0.800 0.824 0.824 
   3   (0.178) 0.200 0.176 0.176 

Locus 45 : 
2 alleles
0.0% missing data
   3   (0.807) 0.885 0.807 0.807 
   4   (0.193) 0.115 0.193 0.193 

Locus 46 : 
3 alleles
0.0% missing data
   4   (0.732) 0.795 0.738 0.732 
   3   (0.164) 0.173 0.161 0.164 
   2   (0.104) 0.032 0.101 0.104 

Locus 47 : 
2 alleles
0.0% missing data
   4   (0.958) 0.989 0.962 0.959 
   3   (0.042) 0.011 0.038 0.041 

Locus 48 : 
2 alleles
0.0% missing data
   2   (0.960) 0.922 0.968 0.961 
   1   (0.040) 0.078 0.032 0.039 

Locus 49 : 
2 alleles
0.0% missing data
   4   (0.942) 0.973 0.945 0.943 
   2   (0.058) 0.027 0.055 0.057 

Locus 50 : 
2 alleles
0.0% missing data
   4   (0.467) 0.417 0.471 0.468 
   3   (0.533) 0.583 0.529 0.532 

Locus 51 : 
2 alleles
0.0% missing data
   4   (0.904) 0.894 0.909 0.904 
   2   (0.096) 0.106 0.091 0.096 

Locus 52 : 
2 alleles
0.0% missing data
   1   (0.749) 0.849 0.742 0.749 
   2   (0.251) 0.151 0.258 0.251 

Locus 53 : 
2 alleles
0.0% missing data
   3   (0.369) 0.299 0.364 0.370 
   4   (0.631) 0.701 0.636 0.630 

Locus 54 : 
1 alleles
0.0% missing data
   1   (1.000) 1.000 1.000 1.000 

Locus 55 : 
2 alleles
0.0% missing data
   3   (0.752) 0.197 0.789 0.756 
   4   (0.248) 0.803 0.211 0.244 

Locus 56 : 
2 alleles
0.0% missing data
   2   (0.692) 0.654 0.698 0.692 
   4   (0.308) 0.346 0.302 0.308 

Locus 57 : 
2 alleles
0.0% missing data
   1   (0.748) 0.763 0.752 0.748 
   2   (0.252) 0.237 0.248 0.252 

Locus 58 : 
3 alleles
0.0% missing data
   4   (0.628) 0.632 0.632 0.629 
   3   (0.208) 0.248 0.210 0.206 
   2   (0.164) 0.120 0.158 0.165 

Locus 59 : 
2 alleles
0.0% missing data
   3   (0.730) 0.775 0.730 0.731 
   4   (0.270) 0.225 0.270 0.269 

Locus 60 : 
2 alleles
0.0% missing data
   2   (0.645) 0.699 0.646 0.645 
   1   (0.355) 0.301 0.354 0.355 

Locus 61 : 
2 alleles
0.0% missing data
   2   (0.457) 0.531 0.454 0.457 
   1   (0.543) 0.469 0.546 0.543 

Locus 62 : 
3 alleles
0.0% missing data
   3   (0.420) 0.557 0.412 0.419 
   2   (0.574) 0.443 0.585 0.576 
   4   (0.006) 0.000 0.003 0.005 

Locus 63 : 
1 alleles
0.0% missing data
   1   (1.000) 1.000 1.000 1.000 

Locus 64 : 
2 alleles
0.0% missing data
   3   (0.910) 0.977 0.910 0.909 
   1   (0.090) 0.023 0.090 0.091 

Locus 65 : 
3 alleles
0.0% missing data
   1   (0.331) 0.297 0.324 0.332 
   2   (0.508) 0.628 0.502 0.507 
   4   (0.161) 0.075 0.174 0.161 

Locus 66 : 
2 alleles
0.0% missing data
   1   (0.744) 0.554 0.756 0.746 
   2   (0.256) 0.446 0.244 0.254 

Locus 67 : 
2 alleles
0.0% missing data
   2   (0.447) 0.569 0.442 0.445 
   3   (0.553) 0.431 0.558 0.555 

Locus 68 : 
2 alleles
0.0% missing data
   4   (0.799) 0.892 0.795 0.798 
   3   (0.201) 0.108 0.205 0.202 

Locus 69 : 
2 alleles
0.0% missing data
   2   (0.919) 0.963 0.920 0.920 
   1   (0.081) 0.037 0.080 0.080 

Locus 70 : 
3 alleles
0.0% missing data
   1   (0.677) 0.552 0.688 0.678 
   2   (0.136) 0.321 0.129 0.134 
   4   (0.187) 0.126 0.183 0.187 

Locus 71 : 
2 alleles
0.0% missing data
   4   (0.987) 0.998 0.991 0.988 
   1   (0.013) 0.002 0.009 0.012 

Locus 72 : 
2 alleles
0.0% missing data
   2   (0.974) 0.992 0.977 0.974 
   1   (0.026) 0.008 0.023 0.026 

Locus 73 : 
2 alleles
0.0% missing data
   3   (0.938) 0.986 0.938 0.939 
   4   (0.062) 0.014 0.062 0.061 

Locus 74 : 
2 alleles
0.0% missing data
   1   (0.792) 0.791 0.797 0.792 
   3   (0.208) 0.209 0.203 0.208 

Locus 75 : 
3 alleles
0.0% missing data
   2   (0.597) 0.602 0.602 0.598 
   3   (0.319) 0.344 0.320 0.319 
   4   (0.084) 0.054 0.078 0.083 

Locus 76 : 
3 alleles
0.0% missing data
   1   (0.565) 0.811 0.549 0.563 
   4   (0.372) 0.184 0.386 0.372 
   3   (0.064) 0.006 0.065 0.064 

Locus 77 : 
2 alleles
0.0% missing data
   1   (0.977) 0.994 0.981 0.977 
   2   (0.023) 0.006 0.019 0.023 

Locus 78 : 
2 alleles
0.0% missing data
   4   (0.854) 0.947 0.850 0.854 
   3   (0.146) 0.053 0.150 0.146 

Locus 79 : 
2 alleles
0.0% missing data
   3   (0.903) 0.940 0.908 0.903 
   4   (0.097) 0.060 0.092 0.097 

Locus 80 : 
2 alleles
0.0% missing data
   2   (0.891) 0.971 0.897 0.890 
   3   (0.109) 0.029 0.103 0.110 

Locus 81 : 
3 alleles
0.0% missing data
   3   (0.485) 0.478 0.488 0.485 
   2   (0.494) 0.515 0.497 0.494 
   1   (0.021) 0.007 0.016 0.020 

Locus 82 : 
2 alleles
0.0% missing data
   4   (0.989) 0.999 0.993 0.990 
   3   (0.011) 0.001 0.007 0.010 

Locus 83 : 
3 alleles
0.0% missing data
   4   (0.766) 0.731 0.775 0.768 
   3   (0.169) 0.246 0.160 0.168 
   1   (0.065) 0.023 0.065 0.065 

Locus 84 : 
2 alleles
0.0% missing data
   3   (0.888) 0.957 0.888 0.888 
   4   (0.112) 0.043 0.112 0.112 

Locus 85 : 
2 alleles
0.0% missing data
   3   (0.959) 0.961 0.967 0.960 
   1   (0.041) 0.039 0.033 0.040 

Locus 86 : 
1 alleles
0.0% missing data
   2   (1.000) 1.000 1.000 1.000 

Locus 87 : 
2 alleles
0.0% missing data
   1   (0.899) 0.977 0.901 0.898 
   2   (0.101) 0.023 0.099 0.102 

Locus 88 : 
2 alleles
0.0% missing data
   3   (0.458) 0.422 0.459 0.459 
   4   (0.542) 0.578 0.541 0.541 

Locus 89 : 
2 alleles
0.0% missing data
   3   (0.411) 0.356 0.419 0.411 
   4   (0.589) 0.644 0.581 0.589 

Locus 90 : 
2 alleles
0.0% missing data
   2   (0.344) 0.443 0.340 0.343 
   1   (0.656) 0.557 0.660 0.657 

Locus 91 : 
3 alleles
0.0% missing data
   2   (0.544) 0.545 0.551 0.544 
   3   (0.244) 0.278 0.237 0.244 
   1   (0.212) 0.177 0.212 0.212 

Locus 92 : 
2 alleles
0.0% missing data
   2   (0.981) 0.998 0.983 0.982 
   3   (0.019) 0.002 0.017 0.018 

Locus 93 : 
2 alleles
0.0% missing data
   1   (0.907) 0.948 0.909 0.908 
   2   (0.093) 0.052 0.091 0.092 

Locus 94 : 
2 alleles
0.0% missing data
   3   (0.919) 0.965 0.924 0.919 
   4   (0.081) 0.035 0.076 0.081 

Locus 95 : 
2 alleles
0.0% missing data
   4   (0.577) 0.597 0.575 0.577 
   3   (0.423) 0.403 0.425 0.423 

Locus 96 : 
2 alleles
0.0% missing data
   1   (0.857) 0.908 0.855 0.858 
   2   (0.143) 0.092 0.145 0.142 

Locus 97 : 
2 alleles
0.0% missing data
   4   (0.656) 0.732 0.668 0.655 
   3   (0.344) 0.268 0.332 0.345 

Locus 98 : 
2 alleles
0.0% missing data
   1   (0.976) 0.997 0.980 0.976 
   2   (0.024) 0.003 0.020 0.024 

Locus 99 : 
2 alleles
0.0% missing data
   4   (0.302) 0.499 0.285 0.301 
   3   (0.698) 0.501 0.715 0.699 

Locus 100 : 
2 alleles
0.0% missing data
   4   (0.669) 0.794 0.668 0.668 
   3   (0.331) 0.206 0.332 0.332 

Values of parameters used in structure:
DATAFILE=/home/ch1158/Ergebnisse_STRUCTURE/Gruppe_Testen/CEU_IBS_TS_Enhanced_corr,	OUTFILE=/home/ch1158/Ergebnisse_STRUCTURE/Gruppe_Testen/CEU_IBS_TSI_enhanced_corr_K3,	NUMINDS=313,	NUMLOCI=100,	MISSING=-9,	LABEL=1,	POPDATA=1,	POPFLAG=0,	PHENOTYPE=0,	EXTRACOLS=0,	MAXPOPS=3,	BURNIN=10000,	NUMREPS=20000,	USEPOPINFO=0,	INFERALPHA=1,	INFERLAMBDA=0,	POPSPECIFICLAMBDA=0,	POPALPHAS=0,	COMPUTEPROB=1,	NOADMIX=0,	ADMBURNIN=500,	UPDATEFREQ=100,	PRINTLIKES=0,	INTERMEDSAVE=0,	PRINTKLD=0,	PRINTNET=1,	PRINTLAMBDA=1,	ANCESTDIST=0,	NUMBOXES=1000,	ANCESTPINT=0.90000,	GENSBACK=2,	MIGRPRIOR=0.01000,	PRINTQHAT=0,	PRINTQSUM=1,	ALPHA=1.0000,	FREQSCORR=1,	FPRIORMEAN=0.0100,	FPRIORSD=0.0500,	ONEFST=0,	LAMBDA=1.0000,	UNIFPRIORALPHA=1,	ALPHAMAX=10.0000,	ALPHAPRIORA=1.0000,	ALPHAPRIORB=2.0000,	ALPHAPROPSD=0.0250,	STARTATPOPINFO=0,	RANDOMIZE=1,	LINKAGE=0,	METROFREQ=10,	REPORTHITRATE=0,	MARKOVPHASE=0,	PHASED=0,	PLOIDY=2,	PHASEINFO=0	LOCPRIOR=0, 	LOCPRIORINIT=1.000000, 	LOCDATA=0, 	LOCISPOP=1, 	LOCPRIORSTEP=0.100000, 	MAXLOCPRIOR=20.000000, 	SEED=1723899538,	
[STRAT parameters]:    NUMSIMSTATS=1000,	PHENOTYPECOL=-9,	POOLFREQ=10,	LOCUSxONLY=0,	EMERROR=0.00100,	MISSINGPHENO=-9,	