0.548000 0.440000
0.831000 0.279000
0.192000 0.066000
0.480000 0.661000
0.908000 0.509000
0.128000 0.062000
0.872000 0.937000
1.000000 0.398000
0.326000 0.400000
0.453000 0.174000
0.806000 0.838000
0.367000 0.030000
0.986000 0.230000
0.735000 0.947000
0.539000 0.024000
0.901000 0.907000
0.488000 0.815000
0.214000 0.095000
0.263000 0.373000
0.515000 0.364000
1.000000 0.595000
0.188000 0.039000
0.957000 0.440000
0.347000 0.642000
0.123000 0.542000
0.378000 0.195000
0.304000 0.156000
0.141000 0.527000
0.978000 0.000000
0.749000 0.934000
0.550000 0.946000
0.957000 0.384000
0.854000 0.103000
0.848000 0.986000
1.000000 0.303000
0.143000 0.000000
0.739000 0.888000
0.576000 0.549000
0.318000 0.191000
0.412000 0.141000
0.993000 0.599000
0.865000 0.321000
0.968000 0.904000
0.353000 0.000000
0.869000 0.129000
0.855000 0.582000
0.754000 0.418000
0.344000 0.434000
1.000000 0.406000
0.654000 0.445000
0.293000 0.062000
0.457000 0.325000
0.295000 0.526000
0.684000 0.118000
0.940000 0.472000
0.601000 0.702000
0.134000 0.280000
0.432000 0.303000
0.289000 0.666000
0.291000 0.108000
0.962000 0.393000
0.311000 0.197000
0.504000 0.444000
0.346000 0.000000
0.406000 0.001000
0.438000 0.058000
0.613000 0.427000
0.999000 0.885000
0.888000 0.935000
0.912000 0.859000
0.542000 0.999000
0.677000 0.198000
0.649000 0.962000
0.970000 0.951000
0.379000 0.074000
0.349000 0.006000
0.315000 0.462000
0.253000 0.382000
0.478000 0.527000
0.292000 0.065000
0.500000 0.505000
0.795000 0.873000
0.868000 0.981000
0.879000 0.952000
0.446000 0.271000
0.332000 0.058000
0.417000 0.849000
0.640000 0.052000
0.419000 0.615000
0.203000 0.064000
0.275000 0.696000
0.515000 0.092000
0.306000 0.473000
0.729000 0.678000
0.327000 0.832000
0.274000 0.230000
0.034000 0.000000
0.278000 0.731000
0.306000 0.582000
0.487000 0.009000
1.000000 0.896000
1.000000 0.682000
0.912000 0.987000
0.368000 0.033000
0.462000 0.158000
0.796000 0.798000
0.245000 0.170000
0.642000 0.237000
0.551000 0.762000
0.756000 0.763000
0.417000 0.155000
0.566000 0.172000
0.575000 0.405000
0.531000 0.245000
0.387000 0.251000
0.588000 0.254000
0.988000 0.237000
0.256000 0.134000
0.579000 0.278000
0.613000 0.483000
0.550000 0.622000
0.049000 0.059000
0.662000 0.380000
0.132000 0.040000
0.348000 0.064000
0.992000 0.289000
0.158000 0.009000
0.333000 0.140000
0.537000 0.201000
0.735000 0.998000
0.708000 0.824000
