0.391000 0.391000 0.269000
0.840000 0.840000 0.876000
0.477000 0.477000 0.587000
0.883000 0.883000 0.991000
0.223000 0.223000 0.258000
0.982000 0.982000 0.999000
0.103000 0.103000 0.010000
0.668000 0.668000 0.661000
0.863000 0.863000 0.778000
0.418000 0.418000 0.394000
0.926000 0.926000 0.995000
0.457000 0.457000 0.870000
0.416000 0.416000 0.201000
0.592000 0.592000 0.336000
0.223000 0.223000 0.079000
0.819000 0.819000 0.741000
0.798000 0.798000 0.896000
0.585000 0.585000 0.844000
0.916000 0.916000 0.775000
0.146000 0.146000 0.225000
0.608000 0.608000 0.858000
0.716000 0.716000 0.812000
0.715000 0.715000 0.643000
0.665000 0.665000 0.825000
0.711000 0.711000 0.807000
0.920000 0.920000 0.996000
0.480000 0.480000 0.333000
0.478000 0.478000 0.466000
0.687000 0.687000 0.528000
0.151000 0.151000 0.157000
0.442000 0.442000 0.655000
0.898000 0.898000 0.950000
0.354000 0.354000 0.260000
0.660000 0.660000 0.835000
0.916000 0.916000 0.974000
0.925000 0.925000 0.953000
0.738000 0.738000 0.923000
0.856000 0.856000 0.748000
0.761000 0.761000 0.702000
0.669000 0.669000 0.312000
0.714000 0.714000 0.619000
0.598000 0.598000 0.930000
0.824000 0.824000 0.989000
0.848000 0.848000 0.770000
0.668000 0.668000 0.695000
0.665000 0.665000 0.436000
0.875000 0.875000 0.788000
0.855000 0.855000 0.985000
0.430000 0.430000 0.500000
0.742000 0.742000 0.697000
