0.018000 0.046000 0.047000
0.762000 0.648000 0.646000
0.770000 0.850000 0.843000
0.999000 0.986000 0.984000
0.935000 0.878000 0.877000
0.127000 0.134000 0.142000
0.336000 0.376000 0.380000
0.978000 0.977000 0.973000
0.962000 0.918000 0.918000
0.466000 0.374000 0.379000
0.941000 0.921000 0.917000
0.574000 0.571000 0.570000
0.203000 0.199000 0.205000
0.169000 0.255000 0.244000
0.831000 0.776000 0.772000
0.711000 0.732000 0.730000
0.710000 0.652000 0.641000
0.926000 0.881000 0.878000
0.831000 0.780000 0.778000
0.517000 0.356000 0.358000
0.106000 0.112000 0.117000
0.022000 0.027000 0.033000
0.370000 0.356000 0.360000
0.966000 0.827000 0.835000
0.218000 0.256000 0.264000
0.208000 0.248000 0.251000
0.328000 0.343000 0.345000
0.884000 0.866000 0.863000
0.505000 0.396000 0.400000
0.171000 0.193000 0.195000
0.781000 0.748000 0.743000
0.635000 0.622000 0.619000
0.959000 0.900000 0.898000
0.792000 0.341000 0.350000
0.516000 0.551000 0.554000
1.000000 0.997000 0.994000
0.605000 0.541000 0.531000
0.059000 0.140000 0.146000
0.308000 0.467000 0.454000
0.609000 0.519000 0.513000
0.194000 0.241000 0.251000
0.993000 0.957000 0.952000
0.373000 0.541000 0.532000
0.567000 0.581000 0.586000
0.668000 0.679000 0.667000
0.459000 0.419000 0.423000
0.800000 0.824000 0.824000
0.885000 0.807000 0.807000
0.795000 0.738000 0.732000
0.989000 0.962000 0.959000
0.922000 0.968000 0.961000
0.973000 0.945000 0.943000
0.417000 0.471000 0.468000
0.894000 0.909000 0.904000
0.849000 0.742000 0.749000
0.299000 0.364000 0.370000
0.197000 0.789000 0.756000
0.654000 0.698000 0.692000
0.763000 0.752000 0.748000
0.632000 0.632000 0.629000
0.775000 0.730000 0.731000
0.699000 0.646000 0.645000
0.531000 0.454000 0.457000
0.557000 0.412000 0.419000
0.977000 0.910000 0.909000
0.297000 0.324000 0.332000
0.554000 0.756000 0.746000
0.569000 0.442000 0.445000
0.892000 0.795000 0.798000
0.963000 0.920000 0.920000
0.552000 0.688000 0.678000
0.998000 0.991000 0.988000
0.992000 0.977000 0.974000
0.986000 0.938000 0.939000
0.791000 0.797000 0.792000
0.602000 0.602000 0.598000
0.811000 0.549000 0.563000
0.994000 0.981000 0.977000
0.947000 0.850000 0.854000
0.940000 0.908000 0.903000
0.971000 0.897000 0.890000
0.478000 0.488000 0.485000
0.999000 0.993000 0.990000
0.731000 0.775000 0.768000
0.957000 0.888000 0.888000
0.961000 0.967000 0.960000
0.977000 0.901000 0.898000
0.422000 0.459000 0.459000
0.356000 0.419000 0.411000
0.443000 0.340000 0.343000
0.545000 0.551000 0.544000
0.998000 0.983000 0.982000
0.948000 0.909000 0.908000
0.965000 0.924000 0.919000
0.597000 0.575000 0.577000
0.908000 0.855000 0.858000
0.732000 0.668000 0.655000
0.997000 0.980000 0.976000
0.499000 0.285000 0.301000
0.794000 0.668000 0.668000
