0.672000 0.727000
1.000000 0.999000
0.779000 0.574000
0.477000 0.468000
0.501000 0.737000
0.445000 0.683000
0.894000 0.740000
0.750000 0.387000
0.979000 0.644000
0.735000 0.982000
0.721000 0.969000
0.815000 0.641000
0.664000 0.468000
0.731000 0.909000
0.792000 0.570000
0.778000 0.329000
0.478000 0.760000
0.821000 0.565000
0.312000 0.731000
0.793000 0.591000
0.830000 0.191000
0.887000 0.407000
0.983000 0.327000
0.975000 0.505000
0.835000 0.412000
0.711000 0.439000
0.870000 0.341000
