0.829000 0.845000 0.843000
0.817000 0.827000 0.828000
0.994000 0.988000 0.984000
0.372000 0.454000 0.449000
0.764000 0.764000 0.755000
0.623000 0.468000 0.475000
0.392000 0.383000 0.393000
0.536000 0.591000 0.596000
0.750000 0.801000 0.798000
0.995000 0.987000 0.984000
0.843000 0.896000 0.888000
0.973000 0.916000 0.916000
0.763000 0.740000 0.732000
0.926000 0.905000 0.901000
0.968000 0.899000 0.896000
0.880000 0.842000 0.835000
1.000000 0.997000 0.995000
0.925000 0.826000 0.839000
0.873000 0.817000 0.812000
0.946000 0.922000 0.917000
0.995000 0.935000 0.935000
0.993000 0.985000 0.979000
0.977000 0.935000 0.936000
0.823000 0.788000 0.788000
