0.992 0.008
0.993 0.007
0.994 0.006
0.984 0.016
0.992 0.008
0.993 0.007
0.984 0.016
0.991 0.009
0.985 0.015
0.992 0.008
0.994 0.006
0.992 0.008
0.992 0.008
0.989 0.011
0.981 0.019
0.979 0.021
0.98 0.02
0.993 0.007
0.898 0.102
0.986 0.014
0.987 0.013
0.979 0.021
0.979 0.021
0.991 0.009
0.978 0.022
0.991 0.009
0.99 0.01
0.994 0.006
0.986 0.014
0.994 0.006
0.991 0.009
0.991 0.009
0.992 0.008
0.993 0.007
0.993 0.007
0.976 0.024
0.985 0.015
0.989 0.011
0.989 0.011
0.993 0.007
0.966 0.034
0.979 0.021
0.994 0.006
0.988 0.012
0.985 0.015
0.989 0.011
0.988 0.012
0.992 0.008
0.992 0.008
0.992 0.008
0.993 0.007
0.993 0.007
0.977 0.023
0.983 0.017
0.985 0.015
0.991 0.009
0.993 0.007
0.992 0.008
0.983 0.017
0.992 0.008
0.993 0.007
0.994 0.006
0.994 0.006
0.982 0.018
0.995 0.005
0.994 0.006
0.985 0.015
0.994 0.006
0.991 0.009
0.994 0.006
0.982 0.018
0.994 0.006
0.982 0.018
0.992 0.008
0.994 0.006
0.987 0.013
0.994 0.006
0.992 0.008
0.986 0.014
0.98 0.02
0.991 0.009
0.992 0.008
0.987 0.013
0.993 0.007
0.981 0.019
0.938 0.062
0.993 0.007
0.992 0.008
0.992 0.008
0.988 0.012
0.941 0.059
0.993 0.007
0.992 0.008
0.979 0.021
0.988 0.012
0.993 0.007
0.981 0.019
0.99 0.01
0.988 0.012
0.914 0.086
0.98 0.02
0.993 0.007
0.966 0.034
0.964 0.036
0.987 0.013
0.983 0.017
0.994 0.006
0.994 0.006
0.946 0.054
0.942 0.058
0.924 0.076
0.984 0.016
0.977 0.023
0.969 0.031
0.992 0.008
0.988 0.012
0.99 0.01
0.984 0.016
0.929 0.071
0.988 0.012
0.965 0.035
0.978 0.022
0.985 0.015
0.975 0.025
0.99 0.01
0.99 0.01
0.986 0.014
0.94 0.06
0.99 0.01
0.988 0.012
0.984 0.016
0.987 0.013
0.983 0.017
0.963 0.037
0.991 0.009
0.978 0.022
0.982 0.018
0.986 0.014
0.987 0.013
0.98 0.02
0.984 0.016
0.979 0.021
0.99 0.01
0.986 0.014
0.982 0.018
0.976 0.024
0.988 0.012
0.991 0.009
0.989 0.011
0.965 0.035
0.987 0.013
0.933 0.067
0.993 0.007
0.985 0.015
0.991 0.009
0.982 0.018
0.99 0.01
0.993 0.007
0.973 0.027
0.991 0.009
0.979 0.021
0.985 0.015
0.994 0.006
0.99 0.01
0.988 0.012
0.99 0.01
0.967 0.033
0.982 0.018
0.939 0.061
0.968 0.032
0.907 0.093
0.99 0.01
0.989 0.011
0.961 0.039
0.963 0.037
0.981 0.019
0.971 0.029
0.99 0.01
0.99 0.01
0.985 0.015
0.987 0.013
0.984 0.016
0.993 0.007
0.991 0.009
0.987 0.013
0.969 0.031
0.984 0.016
0.984 0.016
0.956 0.044
0.986 0.014
0.984 0.016
0.99 0.01
0.983 0.017
0.992 0.008
0.961 0.039
0.993 0.007
0.973 0.027
0.993 0.007
0.993 0.007
0.965 0.035
0.993 0.007
0.992 0.008
0.976 0.024
0.981 0.019
0.944 0.056
0.994 0.006
0.967 0.033
0.983 0.017
0.991 0.009
0.987 0.013
0.991 0.009
0.973 0.027
0.992 0.008
0.987 0.013
0.992 0.008
0.981 0.019
0.982 0.018
0.99 0.01
0.983 0.017
0.934 0.066
0.863 0.137
0.985 0.015
0.955 0.045
0.979 0.021
0.988 0.012
0.959 0.041
0.987 0.013
0.968 0.032
0.935 0.065
0.963 0.037
0.994 0.006
0.992 0.008
0.994 0.006
0.913 0.087
0.956 0.044
0.924 0.076
0.891 0.109
0.986 0.014
0.99 0.01
0.993 0.007
0.991 0.009
0.99 0.01
0.957 0.043
0.991 0.009
0.97 0.03
0.991 0.009
0.968 0.032
0.981 0.019
0.987 0.013
0.992 0.008
0.992 0.008
0.991 0.009
0.992 0.008
0.99 0.01
0.991 0.009
0.99 0.01
0.945 0.055
0.981 0.019
0.976 0.024
0.988 0.012
0.984 0.016
0.991 0.009
0.979 0.021
0.987 0.013
0.991 0.009
0.993 0.007
0.983 0.017
0.958 0.042
0.94 0.06
0.991 0.009
0.947 0.053
0.994 0.006
0.987 0.013
0.987 0.013
0.992 0.008
0.983 0.017
0.972 0.028
0.926 0.074
0.954 0.046
0.989 0.011
0.981 0.019
0.96 0.04
0.993 0.007
0.98 0.02
0.968 0.032
0.941 0.059
0.993 0.007
0.984 0.016
0.989 0.011
0.961 0.039
0.992 0.008
0.988 0.012
0.96 0.04
0.984 0.016
0.982 0.018
0.989 0.011
0.984 0.016
0.984 0.016
0.959 0.041
0.985 0.015
0.885 0.115
0.97 0.03
0.985 0.015
0.985 0.015
0.961 0.039
0.944 0.056
0.893 0.107
0.966 0.034
0.981 0.019
0.984 0.016
0.993 0.007
0.991 0.009
0.974 0.026
0.987 0.013
0.926 0.074
0.983 0.017
0.983 0.017
0.994 0.006
0.973 0.027
0.989 0.011
0.992 0.008
0.991 0.009
0.994 0.006
0.982 0.018
0.992 0.008
0.993 0.007
0.974 0.026
0.968 0.032
0.994 0.006
0.972 0.028
0.99 0.01
0.991 0.009
0.982 0.018
0.991 0.009
0.989 0.011
0.978 0.022
0.983 0.017
0.988 0.012
0.991 0.009
0.984 0.016
0.992 0.008
0.937 0.063
0.988 0.012
0.973 0.027
0.924 0.076
0.993 0.007
0.988 0.012
0.992 0.008
0.991 0.009
0.992 0.008
0.991 0.009
0.993 0.007
0.988 0.012
0.994 0.006
0.971 0.029
0.992 0.008
0.993 0.007
0.992 0.008
0.946 0.054
0.981 0.019
0.992 0.008
0.992 0.008
0.988 0.012
0.99 0.01
0.981 0.019
0.993 0.007
0.992 0.008
0.973 0.027
0.993 0.007
0.98 0.02
0.991 0.009
0.988 0.012
0.985 0.015
0.991 0.009
0.971 0.029
0.974 0.026
0.993 0.007
0.991 0.009
0.992 0.008
0.98 0.02
0.993 0.007
0.992 0.008
0.961 0.039
0.992 0.008
0.987 0.013
0.976 0.024
0.974 0.026
0.964 0.036
0.97 0.03
0.993 0.007
0.969 0.031
0.982 0.018
0.989 0.011
0.991 0.009
0.989 0.011
0.99 0.01
0.991 0.009
0.974 0.026
0.98 0.02
0.981 0.019
0.974 0.026
0.982 0.018
0.984 0.016
0.994 0.006
0.987 0.013
0.987 0.013
0.976 0.024
0.989 0.011
0.983 0.017
0.979 0.021
0.988 0.012
0.991 0.009
0.994 0.006
0.99 0.01
0.984 0.016
0.991 0.009
0.994 0.006
0.99 0.01
0.983 0.017
0.987 0.013
0.988 0.012
0.991 0.009
0.988 0.012
0.991 0.009
0.988 0.012
0.991 0.009
0.989 0.011
0.985 0.015
0.978 0.022
0.989 0.011
0.989 0.011
0.978 0.022
0.979 0.021
0.993 0.007
0.99 0.01
0.988 0.012
0.994 0.006
0.994 0.006
0.99 0.01
0.993 0.007
0.971 0.029
0.992 0.008
0.994 0.006
0.986 0.014
0.989 0.011
0.971 0.029
0.993 0.007
0.988 0.012
0.982 0.018
0.988 0.012
0.989 0.011
0.99 0.01
0.992 0.008
0.983 0.017
0.991 0.009
0.992 0.008
0.983 0.017
0.992 0.008
0.984 0.016
0.989 0.011
0.994 0.006
0.994 0.006
0.988 0.012
0.994 0.006
0.994 0.006
0.991 0.009
0.983 0.017
0.989 0.011
0.993 0.007
0.982 0.018
0.968 0.032
0.994 0.006
0.992 0.008
0.992 0.008
0.99 0.01
0.989 0.011
0.994 0.006
0.993 0.007
0.989 0.011
0.992 0.008
0.989 0.011
0.975 0.025
0.99 0.01
0.992 0.008
0.977 0.023
0.987 0.013
0.968 0.032
0.993 0.007
0.991 0.009
0.988 0.012
0.989 0.011
0.991 0.009
0.994 0.006
0.994 0.006
0.994 0.006
0.994 0.006
0.992 0.008
0.994 0.006
0.994 0.006
0.991 0.009
0.99 0.01
0.994 0.006
0.991 0.009
0.99 0.01
0.008 0.992
0.008 0.992
0.006 0.994
0.011 0.989
0.008 0.992
0.041 0.959
0.018 0.982
0.017 0.983
0.007 0.993
0.017 0.983
0.025 0.975
0.01 0.99
0.01 0.99
0.008 0.992
0.015 0.985
0.006 0.994
0.04 0.96
0.009 0.991
0.009 0.991
0.013 0.987
0.009 0.991
0.009 0.991
0.015 0.985
0.008 0.992
0.009 0.991
0.009 0.991
0.008 0.992
0.006 0.994
0.013 0.987
0.017 0.983
0.009 0.991
0.007 0.993
0.012 0.988
0.007 0.993
0.006 0.994
0.007 0.993
0.006 0.994
0.013 0.987
0.009 0.991
0.01 0.99
0.016 0.984
0.012 0.988
0.006 0.994
0.008 0.992
0.009 0.991
0.014 0.986
0.011 0.989
0.013 0.987
0.014 0.986
0.007 0.993
0.03 0.97
0.01 0.99
0.008 0.992
0.046 0.954
0.035 0.965
0.008 0.992
0.015 0.985
0.009 0.991
0.007 0.993
0.01 0.99
0.009 0.991
0.008 0.992
0.014 0.986
0.016 0.984
0.005 0.995
0.009 0.991
0.014 0.986
0.032 0.968
0.032 0.968
0.01 0.99
0.01 0.99
0.007 0.993
0.009 0.991
0.026 0.974
0.009 0.991
0.01 0.99
0.016 0.984
0.01 0.99
0.017 0.983
0.009 0.991
0.024 0.976
0.012 0.988
0.012 0.988
0.012 0.988
0.014 0.986
0.009 0.991
0.035 0.965
0.012 0.988
0.009 0.991
0.036 0.964
0.018 0.982
0.007 0.993
0.011 0.989
0.012 0.988
0.017 0.983
0.009 0.991
0.006 0.994
0.018 0.982
0.023 0.977
0.01 0.99
0.024 0.976
0.013 0.987
0.12 0.88
0.037 0.963
0.01 0.99
0.03 0.97
0.008 0.992
0.01 0.99
0.015 0.985
0.012 0.988
0.068 0.932
0.008 0.992
0.05 0.95
0.01 0.99
0.008 0.992
0.007 0.993
0.038 0.962
0.02 0.98
0.015 0.985
0.071 0.929
0.148 0.852
0.06 0.94
0.011 0.989
0.059 0.941
0.008 0.992
0.018 0.982
0.014 0.986
0.071 0.929
0.015 0.985
0.076 0.924
0.018 0.982
0.049 0.951
0.009 0.991
0.014 0.986
0.04 0.96
0.028 0.972
0.03 0.97
0.02 0.98
0.014 0.986
0.07 0.93
0.059 0.941
0.013 0.987
0.008 0.992
0.019 0.981
0.029 0.971
0.012 0.988
0.017 0.983
0.011 0.989
0.055 0.945
0.047 0.953
0.01 0.99
0.015 0.985
0.069 0.931
0.044 0.956
0.044 0.956
0.016 0.984
0.011 0.989
0.01 0.99
0.012 0.988
0.008 0.992
0.007 0.993
0.022 0.978
0.045 0.955
0.013 0.987
0.022 0.978
0.011 0.989
0.006 0.994
0.038 0.962
0.009 0.991
0.006 0.994
0.006 0.994
0.014 0.986
0.021 0.979
0.038 0.962
0.039 0.961
0.018 0.982
0.016 0.984
0.009 0.991
0.026 0.974
0.076 0.924
0.008 0.992
0.024 0.976
0.014 0.986
0.034 0.966
0.066 0.934
0.04 0.96
0.025 0.975
0.011 0.989
0.011 0.989
0.032 0.968
0.008 0.992
0.05 0.95
0.009 0.991
0.006 0.994
0.013 0.987
0.084 0.916
0.028 0.972
0.025 0.975
0.006 0.994
0.01 0.99
0.007 0.993
0.009 0.991
0.008 0.992
0.011 0.989
0.008 0.992
0.009 0.991
0.009 0.991
0.009 0.991
0.007 0.993
0.013 0.987
0.009 0.991
0.012 0.988
0.012 0.988
0.008 0.992
0.012 0.988
0.047 0.953
0.009 0.991
0.009 0.991
0.016 0.984
0.016 0.984
0.011 0.989
0.008 0.992
0.019 0.981
0.025 0.975
0.01 0.99
0.011 0.989
0.01 0.99
0.006 0.994
0.006 0.994
0.016 0.984
0.01 0.99
0.008 0.992
0.009 0.991
0.009 0.991
0.007 0.993
0.01 0.99
0.012 0.988
0.018 0.982
0.016 0.984
0.008 0.992
0.02 0.98
0.013 0.987
0.01 0.99
0.006 0.994
0.011 0.989
0.011 0.989
0.014 0.986
0.016 0.984
0.017 0.983
0.011 0.989
0.008 0.992
0.008 0.992
0.007 0.993
0.016 0.984
0.007 0.993
0.009 0.991
0.009 0.991
0.026 0.974
0.011 0.989
0.01 0.99
0.018 0.982
0.006 0.994
0.008 0.992
0.007 0.993
0.009 0.991
0.029 0.971
0.012 0.988
0.018 0.982
0.016 0.984
0.011 0.989
0.014 0.986
0.008 0.992
0.006 0.994
0.022 0.978
0.007 0.993
0.009 0.991
0.017 0.983
0.012 0.988
0.009 0.991
0.014 0.986
0.026 0.974
0.01 0.99
0.011 0.989
0.017 0.983
0.063 0.937
0.013 0.987
0.011 0.989
0.01 0.99
0.022 0.978
0.15 0.85
0.019 0.981
0.013 0.987
0.08 0.92
0.02 0.98
0.033 0.967
0.038 0.962
0.01 0.99
0.009 0.991
0.014 0.986
0.009 0.991
0.015 0.985
0.016 0.984
0.009 0.991
0.012 0.988
0.009 0.991
0.108 0.892
0.072 0.928
0.036 0.964
0.026 0.974
0.011 0.989
0.011 0.989
0.045 0.955
0.014 0.986
0.02 0.98
0.022 0.978
0.042 0.958
0.007 0.993
0.039 0.961
0.136 0.864
0.028 0.972
0.025 0.975
0.016 0.984
0.017 0.983
0.016 0.984
0.025 0.975
0.017 0.983
0.014 0.986
0.055 0.945
0.068 0.932
0.016 0.984
0.084 0.916
0.057 0.943
0.011 0.989
0.008 0.992
0.017 0.983
0.102 0.898
0.029 0.971
0.008 0.992
0.017 0.983
0.02 0.98
0.015 0.985
0.009 0.991
0.013 0.987
0.021 0.979
0.03 0.97
0.077 0.923
0.021 0.979
0.02 0.98
0.023 0.977
0.105 0.895
0.126 0.874
0.015 0.985
0.04 0.96
0.01 0.99
0.016 0.984
0.065 0.935
0.103 0.897
0.007 0.993
0.066 0.934
0.032 0.968
0.012 0.988
0.016 0.984
0.012 0.988
0.058 0.942
0.091 0.909
0.008 0.992
0.022 0.978
0.026 0.974
0.011 0.989
0.011 0.989
0.01 0.99
0.013 0.987
0.009 0.991
0.008 0.992
0.108 0.892
0.028 0.972
0.011 0.989
0.021 0.979
0.017 0.983
0.117 0.883
0.021 0.979
0.099 0.901
0.025 0.975
0.063 0.937
0.046 0.954
0.012 0.988
0.009 0.991
0.025 0.975
0.022 0.978
0.01 0.99
0.011 0.989
0.072 0.928
0.016 0.984
0.017 0.983
0.019 0.981
0.035 0.965
0.014 0.986
0.019 0.981
0.091 0.909
0.011 0.989
0.016 0.984
0.018 0.982
0.01 0.99
0.035 0.965
0.021 0.979
0.061 0.939
0.013 0.987
0.012 0.988
0.008 0.992
0.009 0.991
0.012 0.988
0.008 0.992
0.013 0.987
0.014 0.986
0.02 0.98
0.009 0.991
0.024 0.976
0.016 0.984
0.028 0.972
0.008 0.992
0.019 0.981
0.071 0.929
0.016 0.984
0.018 0.982
0.015 0.985
0.008 0.992
0.01 0.99
0.01 0.99
0.021 0.979
0.009 0.991
0.007 0.993
0.006 0.994
0.008 0.992
0.024 0.976
0.024 0.976
0.013 0.987
0.012 0.988
0.015 0.985
0.037 0.963
0.011 0.989
0.011 0.989
0.008 0.992
0.012 0.988
0.007 0.993
0.008 0.992
0.05 0.95
0.013 0.987
0.01 0.99
0.018 0.982
0.014 0.986
0.117 0.883
0.012 0.988
0.009 0.991
0.014 0.986
0.011 0.989
0.013 0.987
0.041 0.959
0.084 0.916
0.024 0.976
0.022 0.978
0.012 0.988
0.016 0.984
0.011 0.989
0.013 0.987
0.026 0.974
0.05 0.95
0.021 0.979
0.014 0.986
0.01 0.99
0.018 0.982
0.01 0.99
0.009 0.991
0.012 0.988
0.008 0.992
0.053 0.947
0.021 0.979
0.025 0.975
0.071 0.929
0.012 0.988
0.012 0.988
0.01 0.99
0.073 0.927
0.058 0.942
0.01 0.99
0.013 0.987
0.018 0.982
0.02 0.98
0.012 0.988
0.03 0.97
0.01 0.99
0.079 0.921
0.012 0.988
0.025 0.975
0.019 0.981
0.017 0.983
0.014 0.986
0.15 0.85
0.027 0.973
0.02 0.98
0.031 0.969
0.01 0.99
0.024 0.976
0.011 0.989
0.992 0.008
0.976 0.024
0.896 0.104
0.983 0.017
0.985 0.015
0.975 0.025
0.936 0.064
0.993 0.007
0.989 0.011
0.908 0.092
0.976 0.024
0.982 0.018
0.984 0.016
0.985 0.015
0.975 0.025
0.985 0.015
0.978 0.022
0.956 0.044
0.961 0.039
0.987 0.013
0.908 0.092
0.99 0.01
0.978 0.022
0.985 0.015
0.985 0.015
0.946 0.054
0.976 0.024
0.948 0.052
0.986 0.014
0.983 0.017
0.969 0.031
0.968 0.032
0.974 0.026
0.983 0.017
0.962 0.038
0.991 0.009
0.974 0.026
0.973 0.027
0.987 0.013
0.985 0.015
0.986 0.014
0.983 0.017
0.984 0.016
0.983 0.017
0.985 0.015
0.978 0.022
0.948 0.052
0.989 0.011
0.989 0.011
0.981 0.019
0.991 0.009
0.969 0.031
0.966 0.034
0.983 0.017
0.986 0.014
0.975 0.025
0.921 0.079
0.984 0.016
0.988 0.012
0.981 0.019
0.938 0.062
0.973 0.027
0.992 0.008
0.987 0.013
0.968 0.032
0.979 0.021
0.984 0.016
0.987 0.013
0.972 0.028
0.99 0.01
0.97 0.03
0.985 0.015
0.985 0.015
0.973 0.027
0.991 0.009
0.983 0.017
0.988 0.012
0.981 0.019
0.992 0.008
0.983 0.017
0.952 0.048
0.969 0.031
0.918 0.082
0.993 0.007
0.914 0.086
0.953 0.047
0.986 0.014
0.978 0.022
0.985 0.015
0.983 0.017
0.97 0.03
0.897 0.103
0.992 0.008
0.986 0.014
0.989 0.011
0.977 0.023
0.964 0.036
0.94 0.06
0.99 0.01
0.943 0.057
0.975 0.025
0.981 0.019
0.991 0.009
0.981 0.019
0.983 0.017
0.986 0.014
0.988 0.012
0.904 0.096
0.975 0.025
0.986 0.014
0.937 0.063
0.952 0.048
0.983 0.017
0.94 0.06
0.989 0.011
0.991 0.009
0.979 0.021
0.989 0.011
0.971 0.029
0.967 0.033
0.953 0.047
0.99 0.01
0.967 0.033
0.885 0.115
0.978 0.022
0.967 0.033
0.897 0.103
0.981 0.019
0.985 0.015
0.896 0.104
0.986 0.014
0.961 0.039
0.983 0.017
0.986 0.014
0.982 0.018
0.988 0.012
0.987 0.013
0.961 0.039
0.979 0.021
0.969 0.031
0.985 0.015
0.981 0.019
0.977 0.023
0.982 0.018
0.972 0.028
0.984 0.016
0.988 0.012
0.944 0.056
0.987 0.013
0.944 0.056
0.954 0.046
0.984 0.016
0.977 0.023
0.985 0.015
0.947 0.053
0.983 0.017
0.971 0.029
0.975 0.025
0.971 0.029
0.931 0.069
0.968 0.032
0.981 0.019
0.984 0.016
0.986 0.014
0.856 0.144
0.991 0.009
0.977 0.023
0.957 0.043
0.973 0.027
0.99 0.01
0.983 0.017
0.976 0.024
0.922 0.078
0.982 0.018
0.947 0.053
0.985 0.015
0.946 0.054
0.985 0.015
0.988 0.012
0.97 0.03
0.947 0.053
0.889 0.111
0.983 0.017
0.97 0.03
0.97 0.03
0.975 0.025
0.988 0.012
0.969 0.031
0.981 0.019
0.956 0.044
0.987 0.013
0.987 0.013
0.975 0.025
0.989 0.011
0.976 0.024
0.983 0.017
0.949 0.051
0.981 0.019
0.89 0.11
0.986 0.014
0.985 0.015
0.964 0.036
0.985 0.015
0.985 0.015
0.959 0.041
0.994 0.006
0.985 0.015
0.9 0.1
0.966 0.034
0.943 0.057
0.965 0.035
0.977 0.023
0.962 0.038
0.979 0.021
0.965 0.035
0.98 0.02
0.925 0.075
0.969 0.031
0.962 0.038
0.981 0.019
0.989 0.011
0.978 0.022
0.959 0.041
0.975 0.025
0.975 0.025
0.985 0.015
0.978 0.022
0.965 0.035
0.959 0.041
0.975 0.025
0.937 0.063
0.987 0.013
0.982 0.018
0.956 0.044
0.979 0.021
0.982 0.018
0.989 0.011
0.962 0.038
0.979 0.021
0.987 0.013
0.976 0.024
0.981 0.019
0.986 0.014
0.948 0.052
0.986 0.014
0.992 0.008
0.984 0.016
0.975 0.025
0.961 0.039
0.982 0.018
0.908 0.092
0.977 0.023
0.984 0.016
0.983 0.017
0.989 0.011
0.99 0.01
0.972 0.028
0.968 0.032
0.986 0.014
0.895 0.105
0.97 0.03
0.984 0.016
0.956 0.044
0.98 0.02
0.991 0.009
0.986 0.014
0.985 0.015
0.991 0.009
0.971 0.029
0.986 0.014
0.992 0.008
0.983 0.017
0.988 0.012
0.982 0.018
0.98 0.02
0.977 0.023
0.981 0.019
0.989 0.011
0.976 0.024
0.992 0.008
0.959 0.041
0.983 0.017
0.982 0.018
0.948 0.052
0.921 0.079
0.981 0.019
0.976 0.024
0.961 0.039
0.981 0.019
0.99 0.01
0.965 0.035
0.989 0.011
0.984 0.016
0.988 0.012
0.97 0.03
0.989 0.011
0.987 0.013
0.991 0.009
0.981 0.019
0.966 0.034
0.98 0.02
0.953 0.047
0.971 0.029
0.968 0.032
0.985 0.015
0.988 0.012
0.974 0.026
0.98 0.02
0.976 0.024
0.987 0.013
0.99 0.01
0.984 0.016
0.964 0.036
0.956 0.044
0.992 0.008
0.974 0.026
0.982 0.018
0.975 0.025
0.98 0.02
0.982 0.018
0.965 0.035
0.988 0.012
0.982 0.018
0.967 0.033
0.983 0.017
0.99 0.01
0.975 0.025
0.975 0.025
0.962 0.038
0.927 0.073
0.92 0.08
0.982 0.018
0.982 0.018
0.978 0.022
0.989 0.011
0.933 0.067
0.986 0.014
0.951 0.049
0.988 0.012
0.948 0.052
0.971 0.029
0.932 0.068
0.982 0.018
0.953 0.047
0.984 0.016
0.98 0.02
0.951 0.049
0.984 0.016
0.98 0.02
0.99 0.01
0.975 0.025
0.981 0.019
0.981 0.019
0.982 0.018
0.987 0.013
0.968 0.032
0.879 0.121
0.983 0.017
0.979 0.021
0.974 0.026
0.987 0.013
0.986 0.014
0.981 0.019
0.977 0.023
0.976 0.024
0.979 0.021
0.976 0.024
0.982 0.018
0.98 0.02
0.951 0.049
0.963 0.037
0.981 0.019
0.989 0.011
0.99 0.01
0.985 0.015
0.985 0.015
0.986 0.014
0.965 0.035
0.991 0.009
0.988 0.012
0.98 0.02
0.979 0.021
0.988 0.012
0.984 0.016
0.987 0.013
0.988 0.012
0.983 0.017
0.963 0.037
0.986 0.014
0.985 0.015
0.973 0.027
0.991 0.009
0.991 0.009
0.973 0.027
0.986 0.014
0.978 0.022
0.988 0.012
0.978 0.022
0.985 0.015
0.981 0.019
0.96 0.04
0.974 0.026
0.966 0.034
0.987 0.013
0.976 0.024
0.981 0.019
0.898 0.102
0.986 0.014
0.987 0.013
0.984 0.016
0.982 0.018
0.981 0.019
0.962 0.038
0.987 0.013
0.946 0.054
0.979 0.021
0.958 0.042
0.971 0.029
0.983 0.017
0.983 0.017
0.889 0.111
0.95 0.05
0.987 0.013
0.964 0.036
0.958 0.042
0.973 0.027
0.962 0.038
0.964 0.036
0.963 0.037
0.984 0.016
0.951 0.049
0.924 0.076
0.987 0.013
0.987 0.013
0.973 0.027
0.989 0.011
0.986 0.014
0.974 0.026
0.968 0.032
0.963 0.037
0.982 0.018
0.962 0.038
0.968 0.032
0.94 0.06
0.979 0.021
0.986 0.014
0.985 0.015
0.989 0.011
0.974 0.026
0.874 0.126
0.983 0.017
0.97 0.03
0.986 0.014
0.942 0.058
0.91 0.09
0.884 0.116
0.99 0.01
0.992 0.008
0.974 0.026
0.985 0.015
0.975 0.025
0.957 0.043
0.969 0.031
0.837 0.163
0.985 0.015
0.99 0.01
0.983 0.017
0.968 0.032
0.955 0.045
0.987 0.013
0.99 0.01
0.979 0.021
0.983 0.017
0.989 0.011
0.946 0.054
0.983 0.017
0.986 0.014
0.981 0.019
0.972 0.028
0.977 0.023
0.984 0.016
0.983 0.017
0.989 0.011
0.937 0.063
0.989 0.011
0.989 0.011
0.898 0.102
0.992 0.008
0.917 0.083
0.895 0.105
0.986 0.014
0.98 0.02
0.973 0.027
0.97 0.03
0.973 0.027
0.987 0.013
0.963 0.037
0.965 0.035
0.987 0.013
0.859 0.141
0.964 0.036
0.982 0.018
0.977 0.023
0.981 0.019
0.48 0.52
0.467 0.533
0.463 0.537
0.499 0.501
0.654 0.346
0.443 0.557
0.484 0.516
0.472 0.528
0.532 0.468
0.487 0.513
0.51 0.49
0.456 0.544
0.581 0.419
0.552 0.448
0.543 0.457
0.433 0.567
0.483 0.517
0.474 0.526
0.626 0.374
0.6 0.4
0.657 0.343
0.684 0.316
0.547 0.453
0.671 0.329
0.447 0.553
0.464 0.536
0.67 0.33
0.339 0.661
0.404 0.596
0.603 0.397
0.45 0.55
0.467 0.533
0.368 0.632
0.526 0.474
0.339 0.661
0.57 0.43
0.439 0.561
0.494 0.506
0.445 0.555
0.667 0.333
0.546 0.454
0.437 0.563
0.427 0.573
0.421 0.579
0.496 0.504
0.491 0.509
0.521 0.479
0.429 0.571
0.591 0.409
0.374 0.626
0.32 0.68
0.607 0.393
0.484 0.516
0.455 0.545
0.499 0.501
0.478 0.522
0.499 0.501
0.44 0.56
0.491 0.509
0.476 0.524
0.536 0.464
0.512 0.488
0.581 0.419
0.496 0.504
0.53 0.47
0.382 0.618
0.619 0.381
0.584 0.416
0.519 0.481
0.596 0.404
0.689 0.311
0.56 0.44
0.555 0.445
0.554 0.446
0.469 0.531
0.681 0.319
0.479 0.521
0.457 0.543
0.671 0.329
0.386 0.614
0.63 0.37
0.514 0.486
0.627 0.373
0.481 0.519
0.637 0.363
0.446 0.554
0.209 0.791
0.348 0.652
0.473 0.527
0.465 0.535
0.235 0.765
0.411 0.589
0.373 0.627
0.367 0.633
0.37 0.63
0.425 0.575
0.312 0.688
0.45 0.55
0.238 0.762
0.348 0.652
0.388 0.612
0.348 0.652
0.342 0.658
0.457 0.543
0.391 0.609
0.457 0.543
0.379 0.621
0.346 0.654
0.412 0.588
0.464 0.536
0.397 0.603
0.277 0.723
0.39 0.61
0.215 0.785
0.374 0.626
0.429 0.571
0.341 0.659
0.374 0.626
0.52 0.48
0.495 0.505
0.557 0.443
0.267 0.733
0.221 0.779
0.576 0.424
0.456 0.544
0.248 0.752
0.274 0.726
0.366 0.634
0.404 0.596
0.302 0.698
0.46 0.54
0.416 0.584
0.388 0.612
0.356 0.644
0.359 0.641
0.429 0.571
0.507 0.493
0.371 0.629
0.337 0.663
0.362 0.638
0.501 0.499
0.337 0.663
0.466 0.534
0.497 0.503
0.398 0.602
0.298 0.702
0.328 0.672
0.238 0.762
0.542 0.458
0.245 0.755
0.441 0.559
0.365 0.635
0.514 0.486
0.489 0.511
0.387 0.613
0.266 0.734
0.528 0.472
0.309 0.691
0.376 0.624
0.452 0.548
0.496 0.504
0.353 0.647
0.376 0.624
0.464 0.536
0.251 0.749
0.372 0.628
0.492 0.508
0.353 0.647
0.228 0.772
0.529 0.471
0.502 0.498
0.432 0.568
0.364 0.636
0.375 0.625
0.407 0.593
0.314 0.686
0.336 0.664
0.54 0.46
0.349 0.651
0.315 0.685
0.314 0.686
0.458 0.542
0.429 0.571
0.108 0.892
0.416 0.584
0.573 0.427
0.35 0.65
0.372 0.628
0.33 0.67
0.299 0.701
0.375 0.625
0.364 0.636
0.577 0.423
0.667 0.333
0.628 0.372
0.527 0.473
0.528 0.472
0.387 0.613
0.485 0.515
0.387 0.613
0.421 0.579
0.544 0.456
0.535 0.465
0.389 0.611
0.555 0.445
0.587 0.413
0.394 0.606
0.392 0.608
0.504 0.496
0.394 0.606
0.381 0.619
0.46 0.54
0.327 0.673
0.448 0.552
0.476 0.524
0.662 0.338
0.314 0.686
0.505 0.495
0.455 0.545
0.593 0.407
0.381 0.619
0.429 0.571
0.395 0.605
0.465 0.535
0.493 0.507
0.558 0.442
0.586 0.414
0.351 0.649
0.331 0.669
0.406 0.594
0.476 0.524
0.334 0.666
0.421 0.579
0.562 0.438
0.327 0.673
0.44 0.56
0.592 0.408
0.592 0.408
0.563 0.437
0.263 0.737
0.507 0.493
0.499 0.501
0.306 0.694
0.368 0.632
0.403 0.597
0.52 0.48
0.578 0.422
0.513 0.487
0.433 0.567
0.416 0.584
0.523 0.477
0.658 0.342
0.413 0.587
0.368 0.632
0.488 0.512
0.575 0.425
0.464 0.536
0.48 0.52
0.571 0.429
0.51 0.49
0.512 0.488
0.547 0.453
0.529 0.471
0.536 0.464
0.445 0.555
0.629 0.371
0.477 0.523
0.41 0.59
0.501 0.499
0.43 0.57
0.401 0.599
0.753 0.247
0.454 0.546
0.431 0.569
0.485 0.515
0.421 0.579
0.476 0.524
0.373 0.627
0.576 0.424
0.376 0.624
0.503 0.497
0.394 0.606
0.408 0.592
0.537 0.463
0.45 0.55
0.344 0.656
0.389 0.611
0.361 0.639
0.519 0.481
0.393 0.607
0.495 0.505
0.324 0.676
0.403 0.597
0.414 0.586
0.419 0.581
0.346 0.654
0.344 0.656
0.24 0.76
0.281 0.719
0.297 0.703
0.456 0.544
0.577 0.423
0.214 0.786
0.351 0.649
0.353 0.647
0.34 0.66
0.343 0.657
0.147 0.853
0.303 0.697
0.451 0.549
0.364 0.636
0.256 0.744
0.352 0.648
0.3 0.7
0.324 0.676
0.132 0.868
0.331 0.669
0.523 0.477
0.393 0.607
0.303 0.697
0.349 0.651
0.209 0.791
0.344 0.656
0.364 0.636
0.244 0.756
0.2 0.8
0.384 0.616
0.521 0.479
0.495 0.505
0.498 0.502
0.582 0.418
0.379 0.621
0.372 0.628
0.293 0.707
0.297 0.703
0.234 0.766
0.435 0.565
0.429 0.571
0.45 0.55
0.291 0.709
0.386 0.614
0.504 0.496
0.321 0.679
0.408 0.592
0.425 0.575
0.504 0.496
0.36 0.64
0.42 0.58
0.56 0.44
0.542 0.458
0.433 0.567
0.447 0.553
0.526 0.474
0.262 0.738
0.475 0.525
0.276 0.724
0.34 0.66
0.527 0.473
0.303 0.697
0.419 0.581
0.547 0.453
0.335 0.665
0.503 0.497
0.318 0.682
0.238 0.762
0.312 0.688
0.254 0.746
0.369 0.631
0.315 0.685
0.294 0.706
0.596 0.404
0.358 0.642
0.456 0.544
0.395 0.605
0.53 0.47
0.352 0.648
0.404 0.596
0.489 0.511
0.345 0.655
0.52 0.48
0.398 0.602
0.454 0.546
0.376 0.624
0.346 0.654
0.334 0.666
0.357 0.643
0.2 0.8
0.495 0.505
0.555 0.445
0.628 0.372
0.348 0.652
0.539 0.461
0.298 0.702
0.486 0.514
0.704 0.296
0.593 0.407
0.517 0.483
0.551 0.449
0.59 0.41
0.494 0.506
0.424 0.576
0.593 0.407
0.414 0.586
0.426 0.574
0.575 0.425
0.578 0.422
0.319 0.681
0.414 0.586
0.402 0.598
0.457 0.543
0.435 0.565
0.6 0.4
0.535 0.465
0.591 0.409
0.635 0.365
0.389 0.611
0.672 0.328
0.554 0.446
0.473 0.527
0.518 0.482
0.42 0.58
0.569 0.431
0.593 0.407
0.469 0.531
0.511 0.489
0.561 0.439
0.489 0.511
0.711 0.289
0.553 0.447
0.533 0.467
0.439 0.561
0.474 0.526
0.512 0.488
0.414 0.586
0.278 0.722
0.43 0.57
0.428 0.572
0.488 0.512
0.54 0.46
0.617 0.383
0.593 0.407
0.399 0.601
0.539 0.461
0.542 0.458
0.517 0.483
0.428 0.572
0.427 0.573
0.449 0.551
0.571 0.429
0.494 0.506
0.621 0.379
0.25 0.75
0.517 0.483
0.472 0.528
0.482 0.518
0.587 0.413
0.559 0.441
0.443 0.557
0.489 0.511
0.431 0.569
0.446 0.554
0.524 0.476
0.59 0.41
0.47 0.53
0.537 0.463
0.364 0.636
0.508 0.492
0.533 0.467
0.503 0.497
0.771 0.229
0.515 0.485
0.58 0.42
0.406 0.594
0.586 0.414
0.523 0.477
0.565 0.435
0.403 0.597
0.434 0.566
0.525 0.475
0.566 0.434
0.594 0.406
0.494 0.506
0.52 0.48
0.589 0.411
0.485 0.515
0.521 0.479
0.638 0.362
0.595 0.405
0.482 0.518
0.962 0.038
0.694 0.306
0.984 0.016
0.959 0.041
0.971 0.029
0.776 0.224
0.986 0.014
0.918 0.082
0.934 0.066
0.994 0.006
0.843 0.157
0.895 0.105
0.993 0.007
0.985 0.015
0.918 0.082
0.917 0.083
0.887 0.113
0.606 0.394
0.85 0.15
0.898 0.102
0.914 0.086
0.93 0.07
0.896 0.104
0.99 0.01
0.944 0.056
0.993 0.007
0.988 0.012
0.932 0.068
0.978 0.022
0.976 0.024
0.986 0.014
0.88 0.12
0.86 0.14
0.825 0.175
0.968 0.032
0.951 0.049
0.832 0.168
0.956 0.044
0.765 0.235
0.786 0.214
0.846 0.154
0.9 0.1
0.911 0.089
0.99 0.01
0.99 0.01
0.981 0.019
0.994 0.006
0.979 0.021
0.835 0.165
0.928 0.072
0.967 0.033
0.948 0.052
0.924 0.076
0.768 0.232
0.838 0.162
0.979 0.021
0.847 0.153
0.912 0.088
0.564 0.436
0.923 0.077
0.968 0.032
0.899 0.101
0.929 0.071
0.993 0.007
0.78 0.22
0.956 0.044
0.953 0.047
0.915 0.085
0.921 0.079
0.953 0.047
0.893 0.107
0.86 0.14
0.937 0.063
0.914 0.086
0.9 0.1
0.664 0.336
0.953 0.047
0.958 0.042
0.922 0.078
0.853 0.147
0.806 0.194
0.882 0.118
0.985 0.015
0.905 0.095
0.894 0.106
0.959 0.041
0.902 0.098
0.978 0.022
0.924 0.076
0.973 0.027
0.93 0.07
0.978 0.022
0.922 0.078
0.927 0.073
0.907 0.093
0.899 0.101
0.875 0.125
0.877 0.123
0.88 0.12
0.877 0.123
0.847 0.153
0.735 0.265
0.939 0.061
0.949 0.051
0.803 0.197
0.769 0.231
0.828 0.172
0.869 0.131
0.931 0.069
0.794 0.206
0.931 0.069
0.928 0.072
0.93 0.07
0.939 0.061
0.919 0.081
0.701 0.299
0.901 0.099
0.959 0.041
0.954 0.046
0.613 0.387
0.783 0.217
0.542 0.458
0.855 0.145
0.92 0.08
0.709 0.291
0.935 0.065
0.727 0.273
0.869 0.131
0.535 0.465
0.898 0.102
0.878 0.122
0.868 0.132
0.91 0.09
0.987 0.013
0.854 0.146
0.887 0.113
0.957 0.043
0.799 0.201
0.604 0.396
0.676 0.324
0.821 0.179
0.93 0.07
0.76 0.24
0.975 0.025
0.604 0.396
0.975 0.025
0.842 0.158
0.745 0.255
0.894 0.106
0.911 0.089
0.804 0.196
0.785 0.215
0.896 0.104
0.854 0.146
0.759 0.241
0.711 0.289
0.783 0.217
0.654 0.346
0.796 0.204
0.687 0.313
0.683 0.317
0.719 0.281
0.71 0.29
0.683 0.317
0.819 0.181
0.753 0.247
0.641 0.359
0.786 0.214
0.624 0.376
0.691 0.309
0.713 0.287
0.667 0.333
0.717 0.283
0.74 0.26
0.684 0.316
0.61 0.39
0.6 0.4
0.55 0.45
0.603 0.397
0.674 0.326
0.658 0.342
0.677 0.323
0.618 0.382
0.649 0.351
0.474 0.526
0.676 0.324
0.619 0.381
0.635 0.365
0.523 0.477
0.727 0.273
0.682 0.318
0.571 0.429
0.501 0.499
0.463 0.537
0.512 0.488
0.508 0.492
0.562 0.438
0.645 0.355
0.525 0.475
0.441 0.559
0.519 0.481
0.491 0.509
0.606 0.394
0.524 0.476
0.546 0.454
0.257 0.743
0.44 0.56
0.745 0.255
0.712 0.288
0.839 0.161
0.748 0.252
0.748 0.252
0.326 0.674
0.507 0.493
0.565 0.435
0.477 0.523
0.635 0.365
0.737 0.263
0.642 0.358
0.645 0.355
0.768 0.232
0.712 0.288
0.546 0.454
0.789 0.211
0.052 0.948
0.114 0.886
0.062 0.938
0.328 0.672
0.235 0.765
0.412 0.588
0.358 0.642
0.14 0.86
0.197 0.803
0.23 0.77
0.212 0.788
0.337 0.663
0.234 0.766
0.263 0.737
0.176 0.824
0.489 0.511
0.251 0.749
0.594 0.406
0.427 0.573
0.167 0.833
0.183 0.817
0.318 0.682
0.092 0.908
0.327 0.673
0.068 0.932
0.444 0.556
0.168 0.832
0.207 0.793
0.415 0.585
0.021 0.979
0.202 0.798
0.024 0.976
0.257 0.743
0.127 0.873
0.466 0.534
0.696 0.304
0.307 0.693
0.175 0.825
0.427 0.573
0.226 0.774
0.271 0.729
0.134 0.866
0.105 0.895
0.313 0.687
0.309 0.691
0.212 0.788
0.241 0.759
0.236 0.764
0.503 0.497
0.269 0.731
0.258 0.742
0.45 0.55
0.207 0.793
0.049 0.951
0.283 0.717
0.332 0.668
0.429 0.571
0.188 0.812
0.2 0.8
0.104 0.896
0.388 0.612
0.288 0.712
0.154 0.846
0.331 0.669
0.177 0.823
0.109 0.891
0.341 0.659
0.292 0.708
0.41 0.59
0.253 0.747
0.196 0.804
0.242 0.758
0.3 0.7
0.244 0.756
0.617 0.383
0.471 0.529
0.427 0.573
0.183 0.817
0.055 0.945
0.067 0.933
0.115 0.885
0.579 0.421
0.204 0.796
0.202 0.798
0.148 0.852
0.035 0.965
0.293 0.707
0.261 0.739
0.418 0.582
0.364 0.636
0.268 0.732
0.126 0.874
0.604 0.396
0.524 0.476
0.01 0.99
0.263 0.737
0.23 0.77
0.332 0.668
0.426 0.574
0.401 0.599
0.501 0.499
0.223 0.777
0.363 0.637
0.49 0.51
0.486 0.514
0.165 0.835
0.345 0.655
0.306 0.694
0.287 0.713
0.036 0.964
0.338 0.662
0.32 0.68
0.181 0.819
0.456 0.544
0.407 0.593
0.371 0.629
0.512 0.488
0.493 0.507
0.504 0.496
0.451 0.549
0.354 0.646
0.829 0.171
0.823 0.177
0.729 0.271
0.912 0.088
0.472 0.528
0.756 0.244
0.59 0.41
0.71 0.29
0.667 0.333
0.361 0.639
0.38 0.62
0.274 0.726
0.429 0.571
0.633 0.367
0.481 0.519
0.592 0.408
0.466 0.534
0.573 0.427
0.536 0.464
0.3 0.7
0.47 0.53
0.359 0.641
0.334 0.666
0.495 0.505
0.361 0.639
0.343 0.657
0.237 0.763
0.116 0.884
0.261 0.739
0.683 0.317
0.578 0.422
0.593 0.407
0.591 0.409
0.311 0.689
0.389 0.611
0.286 0.714
0.542 0.458
0.23 0.77
0.235 0.765
0.253 0.747
0.237 0.763
0.171 0.829
0.131 0.869
0.215 0.785
0.053 0.947
0.108 0.892
0.23 0.77
0.159 0.841
0.021 0.979
0.027 0.973
0.221 0.779
0.186 0.814
0.299 0.701
0.111 0.889
0.243 0.757
0.357 0.643
0.412 0.588
0.424 0.576
0.169 0.831
0.156 0.844
0.306 0.694
0.065 0.935
0.218 0.782
0.552 0.448
0.393 0.607
0.18 0.82
0.352 0.648
0.169 0.831
0.139 0.861
0.22 0.78
0.139 0.861
0.038 0.962
0.232 0.768
0.255 0.745
0.17 0.83
0.205 0.795
0.215 0.785
0.202 0.798
0.264 0.736
0.277 0.723
0.269 0.731
0.291 0.709
0.136 0.864
0.139 0.861
0.171 0.829
0.25 0.75
0.31 0.69
0.227 0.773
0.122 0.878
0.121 0.879
0.289 0.711
0.796 0.204
0.387 0.613
0.334 0.666
0.38 0.62
0.129 0.871
0.06 0.94
0.364 0.636
0.15 0.85
0.311 0.689
0.439 0.561
0.18 0.82
0.108 0.892
0.162 0.838
0.272 0.728
0.385 0.615
0.305 0.695
0.249 0.751
0.417 0.583
0.374 0.626
0.243 0.757
0.285 0.715
0.358 0.642
0.115 0.885
0.363 0.637
0.292 0.708
0.899 0.101
0.641 0.359
0.395 0.605
0.181 0.819
0.269 0.731
0.252 0.748
0.304 0.696
0.312 0.688
0.357 0.643
0.177 0.823
0.265 0.735
0.219 0.781
0.312 0.688
0.1 0.9
0.218 0.782
0.287 0.713
0.35 0.65
0.35 0.65
0.254 0.746
0.335 0.665
0.297 0.703
0.105 0.895
0.212 0.788
0.376 0.624
0.31 0.69
0.993 0.007
0.947 0.053
0.958 0.042
0.881 0.119
0.992 0.008
0.979 0.021
0.951 0.049
0.968 0.032
0.992 0.008
0.994 0.006
0.987 0.013
0.881 0.119
0.962 0.038
0.994 0.006
0.979 0.021
0.985 0.015
0.993 0.007
0.993 0.007
0.975 0.025
0.989 0.011
0.946 0.054
0.993 0.007
0.992 0.008
0.952 0.048
0.982 0.018
0.986 0.014
0.924 0.076
0.981 0.019
0.977 0.023
0.984 0.016
0.98 0.02
0.982 0.018
0.994 0.006
0.989 0.011
0.99 0.01
0.988 0.012
0.984 0.016
0.991 0.009
0.986 0.014
0.976 0.024
0.979 0.021
0.977 0.023
0.994 0.006
0.993 0.007
0.989 0.011
0.992 0.008
0.977 0.023
0.987 0.013
0.995 0.005
0.987 0.013
0.988 0.012
0.993 0.007
0.984 0.016
0.993 0.007
0.962 0.038
0.986 0.014
0.986 0.014
0.963 0.037
0.986 0.014
0.989 0.011
0.948 0.052
0.985 0.015
0.993 0.007
0.994 0.006
0.991 0.009
0.985 0.015
0.992 0.008
0.983 0.017
0.994 0.006
0.994 0.006
0.991 0.009
0.981 0.019
0.98 0.02
0.993 0.007
0.972 0.028
0.992 0.008
0.99 0.01
0.992 0.008
0.994 0.006
0.992 0.008
0.992 0.008
0.994 0.006
0.992 0.008
0.991 0.009
0.99 0.01
0.995 0.005
0.962 0.038
0.99 0.01
0.986 0.014
0.993 0.007
0.992 0.008
0.989 0.011
0.993 0.007
0.994 0.006
0.992 0.008
0.99 0.01
0.987 0.013
0.971 0.029
0.984 0.016
0.991 0.009
0.989 0.011
0.985 0.015
0.978 0.022
0.984 0.016
0.011 0.989
0.017 0.983
0.032 0.968
0.009 0.991
0.007 0.993
0.006 0.994
0.017 0.983
0.007 0.993
0.006 0.994
0.022 0.978
0.005 0.995
0.01 0.99
0.016 0.984
0.007 0.993
0.023 0.977
0.078 0.922
0.015 0.985
0.225 0.775
0.093 0.907
0.12 0.88
0.033 0.967
0.086 0.914
0.046 0.954
0.078 0.922
0.066 0.934
0.071 0.929
0.034 0.966
0.147 0.853
0.048 0.952
0.117 0.883
0.166 0.834
0.045 0.955
0.008 0.992
0.015 0.985
0.056 0.944
0.035 0.965
0.024 0.976
0.015 0.985
0.038 0.962
0.007 0.993
0.027 0.973
0.011 0.989
0.008 0.992
0.012 0.988
0.041 0.959
0.037 0.963
0.008 0.992
0.013 0.987
0.031 0.969
0.008 0.992
0.029 0.971
0.032 0.968
0.014 0.986
0.017 0.983
0.012 0.988
0.08 0.92
0.012 0.988
0.024 0.976
0.008 0.992
0.018 0.982
0.009 0.991
0.067 0.933
0.017 0.983
0.017 0.983
0.009 0.991
0.008 0.992
0.009 0.991
0.007 0.993
0.014 0.986
0.01 0.99
0.009 0.991
0.014 0.986
0.024 0.976
0.008 0.992
0.006 0.994
0.007 0.993
0.012 0.988
0.008 0.992
0.009 0.991
0.007 0.993
0.021 0.979
0.012 0.988
0.006 0.994
0.01 0.99
0.011 0.989
0.006 0.994
0.007 0.993
0.014 0.986
0.007 0.993
0.012 0.988
0.009 0.991
0.008 0.992
0.02 0.98
0.012 0.988
0.044 0.956
0.012 0.988
0.007 0.993
0.014 0.986
0.006 0.994
0.021 0.979
0.009 0.991
0.009 0.991
0.01 0.99
0.013 0.987
0.018 0.982
0.012 0.988
0.01 0.99
0.006 0.994
0.014 0.986
0.017 0.983
0.01 0.99
0.019 0.981
0.01 0.99
0.012 0.988
0.021 0.979
0.042 0.958
0.008 0.992
0.013 0.987
0.031 0.969
0.012 0.988
0.013 0.987
0.017 0.983
0.009 0.991
0.013 0.987
0.011 0.989
0.016 0.984
0.011 0.989
0.009 0.991
0.005 0.995
0.044 0.956
0.025 0.975
0.011 0.989
0.038 0.962
0.027 0.973
0.017 0.983
0.027 0.973
0.017 0.983
0.013 0.987
0.012 0.988
0.02 0.98
0.008 0.992
0.007 0.993
0.012 0.988
0.013 0.987
0.011 0.989
0.012 0.988
0.009 0.991
0.008 0.992
0.017 0.983
0.025 0.975
0.015 0.985
0.013 0.987
0.018 0.982
0.028 0.972
0.01 0.99
0.334 0.666
0.361 0.639
0.387 0.613
0.375 0.625
0.595 0.405
0.414 0.586
0.495 0.505
0.531 0.469
0.606 0.394
0.507 0.493
0.408 0.592
0.413 0.587
0.535 0.465
0.324 0.676
0.484 0.516
0.373 0.627
0.671 0.329
0.912 0.088
0.692 0.308
0.424 0.576
0.504 0.496
0.405 0.595
0.459 0.541
0.402 0.598
0.409 0.591
0.342 0.658
0.422 0.578
0.047 0.953
0.234 0.766
0.184 0.816
0.26 0.74
0.387 0.613
0.268 0.732
0.186 0.814
0.155 0.845
0.256 0.744
0.263 0.737
0.206 0.794
0.162 0.838
0.343 0.657
0.927 0.073
0.147 0.853
0.175 0.825
0.227 0.773
0.26 0.74
0.216 0.784
0.261 0.739
0.273 0.727
0.175 0.825
0.173 0.827
0.223 0.777
0.201 0.799
0.169 0.831
0.207 0.793
0.246 0.754
0.206 0.794
0.303 0.697
0.211 0.789
0.249 0.751
0.435 0.565
0.149 0.851
0.197 0.803
0.155 0.845
0.259 0.741
0.36 0.64
0.209 0.791
0.201 0.799
0.272 0.728
0.229 0.771
0.229 0.771
0.093 0.907
0.303 0.697
0.102 0.898
0.085 0.915
0.046 0.954
0.039 0.961
0.027 0.973
0.029 0.971
0.105 0.895
0.075 0.925
0.038 0.962
0.084 0.916
0.08 0.92
0.096 0.904
0.098 0.902
0.157 0.843
0.213 0.787
0.022 0.978
0.154 0.846
0.089 0.911
0.045 0.955
0.13 0.87
0.071 0.929
0.185 0.815
0.118 0.882
0.06 0.94
0.228 0.772
0.018 0.982
0.06 0.94
0.1 0.9
0.048 0.952
0.051 0.949
0.104 0.896
0.038 0.962
0.084 0.916
0.081 0.919
0.025 0.975
0.028 0.972
0.271 0.729
0.024 0.976
0.041 0.959
0.187 0.813
0.078 0.922
0.061 0.939
0.195 0.805
0.015 0.985
0.22 0.78
0.155 0.845
0.069 0.931
0.013 0.987
0.218 0.782
0.266 0.734
0.365 0.635
0.168 0.832
0.346 0.654
0.277 0.723
0.181 0.819
0.126 0.874
0.189 0.811
0.092 0.908
0.2 0.8
0.314 0.686
0.121 0.879
0.13 0.87
0.216 0.784
0.201 0.799
0.27 0.73
0.127 0.873
0.181 0.819
0.231 0.769
0.259 0.741
0.267 0.733
0.093 0.907
0.228 0.772
0.159 0.841
0.228 0.772
0.25 0.75
0.3 0.7
0.228 0.772
0.26 0.74
0.234 0.766
0.1 0.9
0.122 0.878
0.261 0.739
0.395 0.605
0.244 0.756
0.067 0.933
0.2 0.8
0.201 0.799
0.271 0.729
0.416 0.584
0.249 0.751
0.083 0.917
0.183 0.817
0.582 0.418
0.237 0.763
0.462 0.538
0.364 0.636
0.26 0.74
0.207 0.793
0.247 0.753
0.424 0.576
0.115 0.885
0.385 0.615
0.204 0.796
0.262 0.738
0.275 0.725
0.24 0.76
0.178 0.822
0.209 0.791
0.08 0.92
0.276 0.724
0.37 0.63
0.241 0.759
0.201 0.799
0.262 0.738
0.159 0.841
0.182 0.818
0.273 0.727
0.25 0.75
0.178 0.822
0.715 0.285
0.041 0.959
0.277 0.723
0.352 0.648
0.268 0.732
0.384 0.616
0.311 0.689
0.315 0.685
0.447 0.553
0.304 0.696
0.174 0.826
0.248 0.752
0.255 0.745
0.362 0.638
0.228 0.772
0.237 0.763
0.328 0.672
0.302 0.698
0.336 0.664
0.684 0.316
0.241 0.759
0.332 0.668
0.336 0.664
0.312 0.688
0.113 0.887
0.306 0.694
0.37 0.63
0.062 0.938
0.186 0.814
0.38 0.62
0.338 0.662
0.28 0.72
0.08 0.92
0.052 0.948
0.147 0.853
0.526 0.474
0.232 0.768
0.234 0.766
0.303 0.697
0.104 0.896
0.367 0.633
0.245 0.755
0.348 0.652
0.203 0.797
0.132 0.868
0.329 0.671
0.344 0.656
0.42 0.58
0.247 0.753
0.38 0.62
0.743 0.257
0.432 0.568
0.409 0.591
0.374 0.626
0.222 0.778
0.25 0.75
0.357 0.643
0.258 0.742
0.362 0.638
0.342 0.658
0.236 0.764
0.323 0.677
0.328 0.672
0.276 0.724
0.326 0.674
0.42 0.58
0.07 0.93
0.392 0.608
0.221 0.779
0.334 0.666
0.258 0.742
0.044 0.956
0.28 0.72
0.275 0.725
0.411 0.589
0.294 0.706
0.214 0.786
0.244 0.756
0.286 0.714
0.315 0.685
0.283 0.717
0.128 0.872
0.189 0.811
0.356 0.644
0.31 0.69
0.046 0.954
0.216 0.784
0.305 0.695
0.335 0.665
0.267 0.733
0.253 0.747
0.251 0.749
0.126 0.874
0.375 0.625
0.368 0.632
0.205 0.795
0.336 0.664
0.324 0.676
0.202 0.798
0.463 0.537
0.306 0.694
0.373 0.627
0.295 0.705
0.428 0.572
0.237 0.763
0.247 0.753
0.415 0.585
0.267 0.733
0.201 0.799
0.387 0.613
0.379 0.621
0.44 0.56
0.147 0.853
0.221 0.779
0.206 0.794
0.377 0.623
0.684 0.316
0.322 0.678
0.631 0.369
0.776 0.224
0.655 0.345
0.552 0.448
0.588 0.412
0.562 0.438
0.392 0.608
0.588 0.412
0.648 0.352
0.52 0.48
0.498 0.502
0.42 0.58
0.59 0.41
0.409 0.591
0.473 0.527
0.563 0.437
0.329 0.671
0.417 0.583
0.482 0.518
0.667 0.333
0.467 0.533
0.423 0.577
0.703 0.297
0.553 0.447
0.588 0.412
0.55 0.45
0.414 0.586
0.307 0.693
0.162 0.838
0.445 0.555
0.268 0.732
0.13 0.87
0.314 0.686
0.304 0.696
0.264 0.736
0.261 0.739
0.288 0.712
0.085 0.915
0.163 0.837
0.282 0.718
0.315 0.685
0.337 0.663
0.135 0.865
0.323 0.677
0.195 0.805
0.297 0.703
0.214 0.786
0.139 0.861
0.379 0.621
0.987 0.013
0.99 0.01
0.961 0.039
0.971 0.029
0.981 0.019
0.988 0.012
0.988 0.012
0.979 0.021
0.958 0.042
0.981 0.019
0.981 0.019
0.974 0.026
0.914 0.086
0.991 0.009
0.976 0.024
0.982 0.018
0.974 0.026
0.936 0.064
0.989 0.011
0.981 0.019
0.991 0.009
0.99 0.01
0.974 0.026
0.991 0.009
0.976 0.024
0.977 0.023
0.985 0.015
0.981 0.019
0.989 0.011
0.98 0.02
0.987 0.013
0.986 0.014
0.944 0.056
0.976 0.024
0.955 0.045
0.975 0.025
0.841 0.159
0.918 0.082
0.984 0.016
0.991 0.009
0.982 0.018
0.986 0.014
0.964 0.036
0.982 0.018
0.972 0.028
0.973 0.027
0.975 0.025
0.982 0.018
0.982 0.018
0.954 0.046
0.988 0.012
0.98 0.02
0.983 0.017
0.926 0.074
0.975 0.025
0.931 0.069
0.947 0.053
0.912 0.088
0.939 0.061
0.977 0.023
0.859 0.141
0.967 0.033
0.914 0.086
0.98 0.02
0.978 0.022
0.899 0.101
0.819 0.181
0.909 0.091
0.977 0.023
0.984 0.016
0.985 0.015
0.987 0.013
0.916 0.084
0.986 0.014
0.955 0.045
0.892 0.108
0.964 0.036
0.967 0.033
0.978 0.022
0.967 0.033
0.98 0.02
0.986 0.014
0.979 0.021
0.986 0.014
0.982 0.018
0.991 0.009
0.989 0.011
0.987 0.013
0.984 0.016
0.944 0.056
0.887 0.113
0.954 0.046
0.944 0.056
0.953 0.047
0.95 0.05
0.929 0.071
0.889 0.111
0.977 0.023
0.98 0.02
0.991 0.009
0.911 0.089
0.988 0.012
0.977 0.023
0.985 0.015
0.967 0.033
0.914 0.086
0.985 0.015
0.986 0.014
0.985 0.015
0.976 0.024
0.988 0.012
0.962 0.038
0.976 0.024
0.983 0.017
0.969 0.031
0.992 0.008
0.951 0.049
0.921 0.079
0.968 0.032
0.954 0.046
0.958 0.042
0.939 0.061
0.952 0.048
0.826 0.174
0.967 0.033
0.928 0.072
0.731 0.269
0.983 0.017
0.956 0.044
0.894 0.106
0.975 0.025
0.868 0.132
0.955 0.045
0.968 0.032
0.966 0.034
0.97 0.03
0.972 0.028
0.978 0.022
0.983 0.017
0.823 0.177
0.985 0.015
0.986 0.014
0.961 0.039
0.971 0.029
0.984 0.016
0.792 0.208
0.78 0.22
0.861 0.139
0.964 0.036
0.835 0.165
0.836 0.164
0.905 0.095
0.906 0.094
0.911 0.089
0.975 0.025
0.973 0.027
0.977 0.023
0.943 0.057
0.969 0.031
0.967 0.033
0.881 0.119
0.97 0.03
0.927 0.073
0.962 0.038
0.963 0.037
0.957 0.043
0.958 0.042
0.99 0.01
0.874 0.126
0.986 0.014
0.969 0.031
0.955 0.045
0.989 0.011
0.99 0.01
0.985 0.015
0.981 0.019
0.98 0.02
0.988 0.012
0.974 0.026
0.982 0.018
0.982 0.018
0.941 0.059
0.943 0.057
0.973 0.027
0.983 0.017
0.974 0.026
0.988 0.012
0.984 0.016
0.974 0.026
0.942 0.058
0.985 0.015
0.986 0.014
0.985 0.015
0.985 0.015
0.949 0.051
0.943 0.057
0.973 0.027
0.985 0.015
0.752 0.248
0.861 0.139
0.867 0.133
0.677 0.323
0.638 0.362
0.746 0.254
0.869 0.131
0.911 0.089
0.565 0.435
0.969 0.031
0.934 0.066
0.803 0.197
0.852 0.148
0.859 0.141
0.972 0.028
0.917 0.083
0.825 0.175
0.876 0.124
0.984 0.016
0.746 0.254
0.718 0.282
0.767 0.233
0.761 0.239
0.767 0.233
0.62 0.38
0.983 0.017
0.985 0.015
0.98 0.02
0.979 0.021
0.982 0.018
0.966 0.034
0.986 0.014
0.977 0.023
0.978 0.022
0.981 0.019
0.968 0.032
0.968 0.032
0.98 0.02
0.968 0.032
0.976 0.024
0.967 0.033
0.977 0.023
0.87 0.13
0.981 0.019
0.906 0.094
0.945 0.055
0.985 0.015
0.97 0.03
0.941 0.059
0.98 0.02
0.985 0.015
0.938 0.062
0.985 0.015
0.968 0.032
0.852 0.148
0.889 0.111
0.917 0.083
0.941 0.059
0.798 0.202
0.9 0.1
0.939 0.061
0.952 0.048
0.879 0.121
0.888 0.112
0.869 0.131
0.879 0.121
0.938 0.062
0.899 0.101
0.874 0.126
0.938 0.062
0.814 0.186
0.926 0.074
0.917 0.083
0.896 0.104
0.81 0.19
0.924 0.076
0.875 0.125
0.847 0.153
0.975 0.025
0.915 0.085
0.786 0.214
0.81 0.19
0.837 0.163
0.746 0.254
0.882 0.118
0.734 0.266
0.614 0.386
0.756 0.244
0.717 0.283
0.942 0.058
0.925 0.075
0.81 0.19
0.71 0.29
0.659 0.341
0.878 0.122
0.656 0.344
0.892 0.108
0.736 0.264
0.601 0.399
0.408 0.592
0.656 0.344
0.945 0.055
0.932 0.068
0.919 0.081
0.851 0.149
0.777 0.223
0.827 0.173
0.897 0.103
0.954 0.046
0.842 0.158
0.831 0.169
0.721 0.279
0.771 0.229
0.766 0.234
0.735 0.265
0.625 0.375
0.85 0.15
0.794 0.206
0.936 0.064
0.803 0.197
0.863 0.137
0.751 0.249
0.854 0.146
0.762 0.238
0.872 0.128
0.832 0.168
0.816 0.184
0.672 0.328
0.869 0.131
0.666 0.334
0.733 0.267
0.726 0.274
0.792 0.208
0.952 0.048
0.953 0.047
0.97 0.03
0.775 0.225
0.721 0.279
0.747 0.253
0.94 0.06
0.925 0.075
0.735 0.265
0.866 0.134
0.981 0.019
0.993 0.007
0.983 0.017
0.99 0.01
0.897 0.103
0.991 0.009
0.991 0.009
0.863 0.137
0.779 0.221
0.406 0.594
0.349 0.651
0.651 0.349
0.084 0.916
0.014 0.986
0.025 0.975
0.015 0.985
0.025 0.975
0.032 0.968
0.098 0.902
0.027 0.973
0.013 0.987
0.178 0.822
0.016 0.984
0.007 0.993
0.099 0.901
0.142 0.858
0.025 0.975
0.043 0.957
0.131 0.869
0.014 0.986
0.019 0.981
0.013 0.987
0.012 0.988
0.426 0.574
0.126 0.874
0.014 0.986
0.089 0.911
0.098 0.902
0.221 0.779
0.049 0.951
0.025 0.975
0.018 0.982
0.025 0.975
0.103 0.897
0.005 0.995
0.024 0.976
0.084 0.916
0.221 0.779
0.117 0.883
0.008 0.992
0.013 0.987
0.042 0.958
0.102 0.898
0.038 0.962
0.127 0.873
0.311 0.689
0.194 0.806
0.981 0.019
0.98 0.02
0.982 0.018
0.893 0.107
0.96 0.04
0.969 0.031
0.962 0.038
0.936 0.064
0.923 0.077
0.986 0.014
0.753 0.247
0.982 0.018
0.669 0.331
0.577 0.423
0.649 0.351
0.368 0.632
0.971 0.029
0.891 0.109
0.907 0.093
0.796 0.204
0.961 0.039
0.669 0.331
0.977 0.023
0.89 0.11
0.911 0.089
0.555 0.445
0.496 0.504
0.37 0.63
0.208 0.792
0.319 0.681
0.412 0.588
0.696 0.304
0.4 0.6
0.992 0.008
0.985 0.015
0.361 0.639
0.533 0.467
0.65 0.35
0.623 0.377
0.479 0.521
0.552 0.448
0.656 0.344
0.747 0.253
0.836 0.164
0.588 0.412
0.766 0.234
0.486 0.514
0.611 0.389
0.585 0.415
0.635 0.365
0.065 0.935
0.236 0.764
0.406 0.594
0.419 0.581
0.751 0.249
0.936 0.064
0.99 0.01
0.952 0.048
0.966 0.034
0.987 0.013
0.977 0.023
0.517 0.483
0.204 0.796
0.219 0.781
0.092 0.908
0.172 0.828
0.164 0.836
0.051 0.949
0.1 0.9
0.191 0.809
0.171 0.829
0.187 0.813
0.142 0.858
0.188 0.812
0.125 0.875
0.166 0.834
0.103 0.897
0.287 0.713
0.168 0.832
0.104 0.896
0.136 0.864
0.269 0.731
0.216 0.784
0.225 0.775
0.291 0.709
0.165 0.835
0.204 0.796
0.27 0.73
0.318 0.682
0.213 0.787
0.526 0.474
0.466 0.534
0.3 0.7
0.527 0.473
0.254 0.746
0.342 0.658
0.457 0.543
0.259 0.741
0.455 0.545
0.26 0.74
0.28 0.72
0.254 0.746
0.191 0.809
0.282 0.718
0.578 0.422
0.26 0.74
0.315 0.685
0.36 0.64
0.106 0.894
0.25 0.75
0.296 0.704
0.486 0.514
0.198 0.802
0.22 0.78
0.517 0.483
0.749 0.251
0.433 0.567
0.317 0.683
0.358 0.642
0.111 0.889
0.337 0.663
0.172 0.828
0.052 0.948
0.19 0.81
0.266 0.734
0.041 0.959
0.229 0.771
0.271 0.729
0.058 0.942
0.11 0.89
0.113 0.887
0.188 0.812
0.208 0.792
0.249 0.751
0.043 0.957
0.305 0.695
0.465 0.535
0.336 0.664
0.212 0.788
0.131 0.869
0.257 0.743
0.161 0.839
0.209 0.791
0.106 0.894
0.112 0.888
0.298 0.702
0.12 0.88
0.219 0.781
0.789 0.211
0.114 0.886
0.226 0.774
0.34 0.66
0.188 0.812
0.274 0.726
0.362 0.638
0.202 0.798
0.451 0.549
0.195 0.805
0.318 0.682
0.256 0.744
0.232 0.768
0.258 0.742
0.43 0.57
0.363 0.637
0.242 0.758
0.195 0.805
0.151 0.849
0.082 0.918
0.226 0.774
0.151 0.849
0.22 0.78
0.013 0.987
0.196 0.804
0.218 0.782
0.284 0.716
0.161 0.839
0.264 0.736
0.092 0.908
0.254 0.746
0.342 0.658
0.203 0.797
0.28 0.72
0.203 0.797
0.339 0.661
0.072 0.928
0.3 0.7
0.281 0.719
0.242 0.758
0.324 0.676
0.218 0.782
0.221 0.779
0.289 0.711
0.289 0.711
0.229 0.771
0.342 0.658
0.281 0.719
0.364 0.636
0.176 0.824
0.231 0.769
0.989 0.011
0.992 0.008
0.991 0.009
0.045 0.955
0.127 0.873
0.111 0.889
0.182 0.818
0.085 0.915
0.03 0.97
0.039 0.961
0.056 0.944
0.073 0.927
0.054 0.946
0.015 0.985
0.149 0.851
0.189 0.811
0.19 0.81
0.156 0.844
0.233 0.767
0.233 0.767
0.103 0.897
0.248 0.752
0.151 0.849
0.109 0.891
0.084 0.916
0.116 0.884
0.006 0.994
0.018 0.982
0.021 0.979
0.021 0.979
0.014 0.986
0.008 0.992
0.033 0.967
0.01 0.99
0.012 0.988
0.013 0.987
0.009 0.991
0.008 0.992
0.029 0.971
0.008 0.992
0.03 0.97
0.009 0.991
0.007 0.993
0.017 0.983
0.024 0.976
0.008 0.992
0.036 0.964
0.024 0.976
0.011 0.989
0.012 0.988
0.009 0.991
0.009 0.991
0.013 0.987
0.022 0.978
0.011 0.989
0.011 0.989
0.01 0.99
0.007 0.993
0.014 0.986
0.012 0.988
0.014 0.986
0.009 0.991
0.015 0.985
0.018 0.982
0.106 0.894
0.009 0.991
0.012 0.988
0.013 0.987
0.011 0.989
0.017 0.983
0.011 0.989
0.009 0.991
0.011 0.989
0.393 0.607
0.064 0.936
0.14 0.86
0.222 0.778
0.014 0.986
0.162 0.838
0.049 0.951
0.012 0.988
0.032 0.968
0.016 0.984
0.014 0.986
0.017 0.983
0.072 0.928
0.04 0.96
0.009 0.991
0.018 0.982
0.011 0.989
0.139 0.861
0.096 0.904
0.04 0.96
0.216 0.784
0.186 0.814
0.037 0.963
0.177 0.823
0.01 0.99
0.014 0.986
0.143 0.857
0.014 0.986
0.022 0.978
0.026 0.974
0.054 0.946
0.021 0.979
0.011 0.989
0.016 0.984
0.079 0.921
0.081 0.919
0.274 0.726
0.235 0.765
0.137 0.863
0.148 0.852
0.155 0.845
0.018 0.982
0.025 0.975
0.081 0.919
0.009 0.991
0.021 0.979
0.046 0.954
0.045 0.955
0.13 0.87
0.169 0.831
0.024 0.976
0.066 0.934
0.072 0.928
0.013 0.987
0.05 0.95
0.058 0.942
0.042 0.958
0.171 0.829
0.016 0.984
0.165 0.835
0.119 0.881
0.166 0.834
0.022 0.978
0.248 0.752
0.122 0.878
0.139 0.861
0.135 0.865
0.009 0.991
0.016 0.984
0.038 0.962
0.145 0.855
0.181 0.819
0.208 0.792
0.106 0.894
0.02 0.98
0.017 0.983
0.048 0.952
0.047 0.953
0.019 0.981
0.071 0.929
0.02 0.98
0.035 0.965
0.106 0.894
0.112 0.888
0.077 0.923
0.133 0.867
0.038 0.962
0.071 0.929
0.032 0.968
0.4 0.6
0.636 0.364
0.497 0.503
0.672 0.328
0.494 0.506
0.749 0.251
0.675 0.325
0.142 0.858
0.115 0.885
0.472 0.528
0.674 0.326
0.473 0.527
0.26 0.74
0.342 0.658
0.363 0.637
0.329 0.671
0.357 0.643
0.653 0.347
0.295 0.705
0.239 0.761
0.154 0.846
0.044 0.956
0.325 0.675
0.49 0.51
0.564 0.436
0.568 0.432
0.369 0.631
0.376 0.624
0.405 0.595
0.21 0.79
0.524 0.476
0.601 0.399
0.429 0.571
0.756 0.244
0.285 0.715
0.871 0.129
0.535 0.465
0.553 0.447
0.418 0.582
0.447 0.553
0.468 0.532
0.724 0.276
0.391 0.609
0.503 0.497
0.541 0.459
0.552 0.448
0.702 0.298
0.452 0.548
0.867 0.133
0.972 0.028
0.951 0.049
0.818 0.182
0.887 0.113
0.892 0.108
0.983 0.017
0.823 0.177
0.933 0.067
0.956 0.044
0.768 0.232
0.625 0.375
0.527 0.473
0.491 0.509
0.527 0.473
0.553 0.447
0.708 0.292
0.523 0.477
0.7 0.3
0.695 0.305
0.607 0.393
0.521 0.479
0.75 0.25
0.676 0.324
0.658 0.342
0.783 0.217
0.675 0.325
0.889 0.111
0.68 0.32
0.741 0.259
0.727 0.273
0.629 0.371
0.654 0.346
0.937 0.063
0.639 0.361
0.919 0.081
0.599 0.401
0.816 0.184
0.9 0.1
0.797 0.203
0.953 0.047
0.938 0.062
0.846 0.154
0.848 0.152
0.957 0.043
0.732 0.268
0.839 0.161
0.979 0.021
0.935 0.065
0.928 0.072
0.873 0.127
0.774 0.226
0.919 0.081
0.937 0.063
0.756 0.244
0.939 0.061
0.946 0.054
0.954 0.046
0.956 0.044
0.74 0.26
0.865 0.135
0.862 0.138
0.901 0.099
0.502 0.498
0.581 0.419
0.392 0.608
0.47 0.53
0.601 0.399
0.669 0.331
0.336 0.664
0.247 0.753
0.466 0.534
0.954 0.046
0.932 0.068
0.757 0.243
0.902 0.098
0.756 0.244
0.972 0.028
0.961 0.039
0.941 0.059
0.746 0.254
0.919 0.081
0.703 0.297
0.674 0.326
0.979 0.021
0.745 0.255
0.976 0.024
0.905 0.095
0.011 0.989
0.419 0.581
0.178 0.822
0.631 0.369
0.723 0.277
0.756 0.244
0.768 0.232
0.801 0.199
0.859 0.141
0.932 0.068
0.928 0.072
0.379 0.621
0.737 0.263
0.455 0.545
0.555 0.445
0.618 0.382
0.295 0.705
0.582 0.418
0.449 0.551
0.533 0.467
0.736 0.264
0.717 0.283
0.721 0.279
0.32 0.68
0.883 0.117
0.961 0.039
0.961 0.039
0.835 0.165
0.846 0.154
0.862 0.138
0.8 0.2
0.835 0.165
0.969 0.031
0.926 0.074
0.757 0.243
0.808 0.192
0.922 0.078
0.966 0.034
0.956 0.044
0.97 0.03
0.968 0.032
0.955 0.045
0.949 0.051
0.977 0.023
0.884 0.116
0.722 0.278
0.883 0.117
0.558 0.442
0.642 0.358
0.651 0.349
0.812 0.188
0.754 0.246
0.805 0.195
0.976 0.024
0.939 0.061
0.966 0.034
0.984 0.016
0.979 0.021
0.919 0.081
0.833 0.167
0.965 0.035
0.941 0.059
0.975 0.025
0.972 0.028
0.96 0.04
0.973 0.027
0.941 0.059
0.979 0.021
0.946 0.054
0.965 0.035
0.94 0.06
0.923 0.077
0.93 0.07
0.958 0.042
0.954 0.046
0.972 0.028
0.981 0.019
0.973 0.027
0.913 0.087
0.952 0.048
0.939 0.061
0.945 0.055
0.967 0.033
0.976 0.024
0.976 0.024
0.958 0.042
0.912 0.088
0.947 0.053
0.81 0.19
0.968 0.032
0.923 0.077
0.839 0.161
0.952 0.048
0.69 0.31
0.775 0.225
0.885 0.115
0.884 0.116
0.859 0.141
0.777 0.223
0.974 0.026
0.786 0.214
0.842 0.158
0.761 0.239
0.791 0.209
0.606 0.394
0.552 0.448
0.781 0.219
0.579 0.421
0.622 0.378
0.418 0.582
0.442 0.558
0.582 0.418
0.573 0.427
0.552 0.448
0.646 0.354
0.554 0.446
0.59 0.41
0.711 0.289
0.697 0.303
0.536 0.464
0.568 0.432
0.45 0.55
0.63 0.37
0.569 0.431
0.651 0.349
0.574 0.426
0.711 0.289
0.636 0.364
0.678 0.322
0.63 0.37
0.548 0.452
0.526 0.474
0.577 0.423
0.631 0.369
0.694 0.306
0.433 0.567
0.721 0.279
0.612 0.388
0.563 0.437
0.679 0.321
0.727 0.273
0.597 0.403
0.643 0.357
0.666 0.334
0.561 0.439
0.74 0.26
0.832 0.168
0.702 0.298
0.609 0.391
0.703 0.297
0.763 0.237
0.251 0.749
0.046 0.954
0.184 0.816
0.079 0.921
0.136 0.864
0.122 0.878
0.229 0.771
0.203 0.797
0.035 0.965
0.206 0.794
0.261 0.739
0.05 0.95
0.035 0.965
0.177 0.823
0.227 0.773
0.137 0.863
0.243 0.757
0.045 0.955
0.113 0.887
0.052 0.948
0.222 0.778
0.026 0.974
0.086 0.914
0.125 0.875
0.027 0.973
0.166 0.834
0.276 0.724
0.101 0.899
0.145 0.855
0.228 0.772
0.011 0.989
0.12 0.88
0.21 0.79
0.123 0.877
0.062 0.938
0.113 0.887
0.147 0.853
0.105 0.895
0.102 0.898
0.195 0.805
0.11 0.89
0.113 0.887
0.047 0.953
0.043 0.957
0.206 0.794
0.093 0.907
0.206 0.794
0.156 0.844
0.041 0.959
0.153 0.847
0.191 0.809
0.016 0.984
0.067 0.933
0.174 0.826
0.043 0.957
0.144 0.856
0.192 0.808
0.079 0.921
0.169 0.831
0.406 0.594
0.118 0.882
0.234 0.766
0.227 0.773
0.35 0.65
0.347 0.653
0.358 0.642
0.326 0.674
0.241 0.759
0.519 0.481
0.265 0.735
0.215 0.785
0.323 0.677
0.261 0.739
0.262 0.738
0.379 0.621
0.449 0.551
0.364 0.636
0.422 0.578
0.528 0.472
0.331 0.669
0.386 0.614
0.405 0.595
0.379 0.621
0.318 0.682
0.384 0.616
0.403 0.597
0.24 0.76
0.28 0.72
0.042 0.958
0.022 0.978
0.131 0.869
0.076 0.924
0.013 0.987
0.229 0.771
0.031 0.969
0.081 0.919
0.029 0.971
0.119 0.881
0.016 0.984
0.034 0.966
0.231 0.769
0.193 0.807
0.035 0.965
0.02 0.98
0.197 0.803
0.015 0.985
0.24 0.76
0.02 0.98
0.14 0.86
0.035 0.965
0.229 0.771
0.094 0.906
0.051 0.949
0.102 0.898
0.159 0.841
0.224 0.776
0.846 0.154
0.328 0.672
0.138 0.862
0.204 0.796
0.091 0.909
0.27 0.73
0.215 0.785
0.055 0.945
0.246 0.754
0.293 0.707
0.66 0.34
0.027 0.973
0.062 0.938
0.351 0.649
0.288 0.712
0.314 0.686
0.857 0.143
0.497 0.503
0.118 0.882
0.533 0.467
0.538 0.462
0.835 0.165
0.595 0.405
0.736 0.264
0.874 0.126
0.741 0.259
0.746 0.254
0.833 0.167
0.803 0.197
0.722 0.278
0.787 0.213
0.8 0.2
0.943 0.057
0.189 0.811
0.672 0.328
0.019 0.981
0.965 0.035
0.98 0.02
0.93 0.07
0.55 0.45
0.95 0.05
0.944 0.056
0.975 0.025
0.982 0.018
0.982 0.018
0.797 0.203
0.529 0.471
0.957 0.043
0.97 0.03
0.941 0.059
0.971 0.029
0.953 0.047
0.983 0.017
0.804 0.196
0.959 0.041
0.939 0.061
0.988 0.012
0.949 0.051
0.986 0.014
0.991 0.009
0.979 0.021
0.984 0.016
0.98 0.02
0.933 0.067
0.908 0.092
0.979 0.021
0.965 0.035
0.954 0.046
0.99 0.01
0.723 0.277
0.97 0.03
0.836 0.164
0.393 0.607
0.452 0.548
0.44 0.56
0.402 0.598
0.581 0.419
